3610 275.000000
3611 177.000000
3612 255.000000
3613 184.000000
3614 325.000000
3615 293.000000
3616 187.000000
3617 45.000000
3618 4028.000000
3619 358.000000
3620 108.000000
3621 482.000000
3622 176.000000
3623 1777.000000
3624 68.000000
3625 660.000000
3626 86.000000
3627 50.000000
3628 25.000000
3629 61.000000
3630 119.000000
3631 38.000000
3632 293.000000
3633 117.000000
3634 281.000000
3635 759.000000
3636 329.000000
3637 476.000000
3638 87.000000
3639 840.000000
3640 236.000000
3641 812.000000
3642 312.000000
3643 59.000000
3644 162.000000
3645 274.000000
3646 1330.000000
3647 65.000000
3648 126.000000
3649 41.000000
3650 436.000000
3651 177.000000
3652 0.000000
3653 89.000000
3654 86.000000
3655 37.000000
3656 138.000000
3657 371.000000
3658 660.000000
3659 158.000000
3660 85.000000
3661 189.000000
3662 18.000000
3663 1239.000000
3664 248.000000
3665 85.000000
3666 23.000000
3667 57.000000
3668 455.000000
3669 0.000000
3670 528.000000
3671 13.000000
3672 69.000000
3673 93.000000
3674 32.000000
3675 514.000000
3676 42.000000
3677 80.000000
3678 226.000000
3679 241.000000
3680 47.000000
3681 167.000000
3682 924.000000
3683 975.000000
3684 31.000000
3685 56.000000
3686 125.000000
3687 98.000000
3688 8.000000
3689 120.000000
3690 124.000000
3691 782.000000
3692 58.000000
3693 66.000000
3694 3354.000000
3695 14.000000
3696 39.000000
3697 118.000000
3698 192.000000
3699 1.000000
3700 327.000000
3701 273.000000
3702 333.000000
3703 140.000000
3704 105.000000
3705 0.000000
3706 466.000000
3707 32.000000
3708 92.000000
3709 137.000000
3710 156.000000
3711 457.000000
3712 1165.000000
3713 110.000000
3714 59.000000
3715 1370.000000
3716 58.000000
3717 1.000000
3718 55.000000
3719 14.000000
3720 119.000000
3721 641.000000
3722 9.000000
3723 11.000000
3724 440.000000
3725 483.000000
3726 12.000000
3727 22.000000
3728 1411.000000
3729 20.000000
3730 140.000000
3731 119.000000
3732 82.000000
3733 33.000000
3734 1002.000000
3735 12.000000
3736 0.000000
3737 54.000000
3738 555.000000
3739 59.000000
3740 169.000000
3741 2007.000000
3742 18.000000
3743 328.000000
3744 123.000000
3745 314.000000
3746 93.000000
3747 2.000000
3748 239.000000
3749 60.000000
3750 251.000000
3751 53.000000
3752 947.000000
3753 592.000000
3754 1479.000000
3755 100.000000
3756 7.000000
3757 0.000000
3758 1310.000000
3759 676.000000
3760 22.000000
3761 10789.000000
3762 225.000000
3763 1417.000000
3764 21.000000
3765 15.000000
3766 45.000000
3767 0.000000
3768 51.000000
3769 1278.000000
3770 950.000000
3771 1133.000000
3772 672.000000
3773 107.000000
3774 675.000000
3775 750.000000
3776 295.000000
3777 19.000000
3778 863.000000
3779 279.000000
3780 370.000000
3781 313.000000
3782 697.000000
3783 4641.000000
3784 21.000000
3785 360.000000
3786 1225.000000
3787 47.000000
3788 2255.000000
3789 27.000000
3790 0.000000
3791 0.000000
3792 412.000000
3793 57.000000
3794 44.000000
3795 3.000000
3796 1313.000000
3797 157.000000
3798 271.000000
3799 95.000000
3800 173.000000
3801 440.000000
3802 37.000000
3803 46.000000
3804 393.000000
3805 523.000000
3806 598.000000
3807 74.000000
3808 173.000000
3809 165.000000
3810 147.000000
3811 2390.000000
3812 13.000000
3813 851.000000
3814 255.000000
3815 91.000000
3816 291.000000
3817 250.000000
3818 545.000000
3819 13.000000
3820 71.000000
3821 620.000000
3822 77.000000
3823 343.000000
3824 178.000000
3825 275.000000
3826 277.000000
3827 33.000000
3828 77.000000
3829 204.000000
3830 53.000000
3831 188.000000
3832 199.000000
3833 29.000000
3834 329.000000
3835 54.000000
3836 276.000000
3837 544.000000
3838 597.000000
3839 144.000000
3840 22.000000
3841 748.000000
3842 28.000000
3843 40.000000
3844 794.000000
3845 115.000000
3846 79.000000
3847 138.000000
3848 2965.000000
3849 157.000000
3850 164.000000
3851 6023.000000
3852 175.000000
3853 68.000000
3854 18.000000
3855 215.000000
3856 188.000000
3857 360.000000
3858 22.000000
3859 55.000000
3860 49.000000
3861 437.000000
3862 16.000000
3863 264.000000
3864 448.000000
3865 46.000000
3866 724.000000
3867 62.000000
3868 11.000000
3869 213.000000
3870 45.000000
3871 9.000000
3872 303.000000
3873 219.000000
3874 204.000000
3875 33.000000
3876 198.000000
3877 87.000000
3878 72.000000
3879 243.000000
3880 240.000000
3881 32.000000
3882 9.000000
3883 223.000000
3884 675.000000
3885 39.000000
3886 46.000000
3887 342.000000
3888 194.000000
3889 75.000000
3890 205.000000
3891 127.000000
3892 606.000000
3893 294.000000
3894 56.000000
3895 33.000000
3896 122.000000
3897 1.000000
3898 152.000000
3899 201.000000
3900 164.000000
3901 67.000000
3902 330.000000
3903 1857.000000
3904 1812.000000
3905 331.000000
3906 88.000000
3907 2.000000
3908 124.000000
3909 422.000000
3910 56.000000
3911 169.000000
3912 171.000000
3913 2677.000000
3914 157.000000
3915 956.000000
3916 292.000000
3917 42.000000
3918 4.000000
3919 175.000000
3920 134.000000
3921 174.000000
3922 297.000000
3923 172.000000
3924 42.000000
3925 395.000000
3926 537.000000
3927 20.000000
3928 53.000000
3929 143.000000
3930 376.000000
3931 829.000000
3932 0.000000
3933 209.000000
3934 122.000000
3935 87.000000
3936 31.000000
3937 579.000000
3938 1407.000000
3939 150.000000
3940 33.000000
3941 2330.000000
3942 195.000000
3943 40.000000
3944 170.000000
3945 331.000000
3946 1.000000
3947 380.000000
3948 545.000000
3949 905.000000
3950 75.000000
3951 344.000000
3952 644.000000
3953 572.000000
3954 3087.000000
3955 24.000000
3956 24.000000
3957 160.000000
3958 0.000000
3959 114.000000
3960 1078.000000
3961 49.000000
3962 151.000000
3963 79.000000
3964 195.000000
3965 99.000000
3966 0.000000
3967 1.000000
3968 265.000000
3969 255.000000
3970 86.000000
3971 236.000000
3972 76.000000
3973 216.000000
3974 12.000000
3975 823.000000
3976 1585.000000
3977 104.000000
3978 225.000000
3979 467.000000
3980 35.000000
3981 73.000000
3982 48.000000
3983 434.000000
3984 13.000000
3985 21.000000
3986 15.000000
3987 180.000000
3988 844.000000
3989 4661.000000
3990 521.000000
3991 82.000000
3992 476.000000
3993 44.000000
3994 109.000000
3995 73.000000
3996 427.000000
3997 725.000000
3998 38.000000
3999 198.000000
4000 140.000000
4001 161.000000
4002 79.000000
4003 41.000000
4004 436.000000
4005 170.000000
4006 0.000000
4007 298.000000
4008 312.000000
4009 59.000000
4010 171.000000
4011 320.000000
4012 283.000000
4013 53.000000
4014 24.000000
4015 27.000000
4016 209.000000
4017 264.000000
4018 153.000000
4019 140.000000
4020 381.000000
4021 52.000000
4022 333.000000
4023 46.000000
4024 82.000000
4025 317.000000
4026 358.000000
4027 28.000000
4028 44.000000
4029 253.000000
4030 2372.000000
4031 142.000000
4032 82.000000
4033 291.000000
4034 143.000000
4035 379.000000
4036 82.000000
4037 211.000000
4038 84.000000
4039 144.000000
4040 84.000000
4041 1015.000000
4042 103.000000
4043 1382.000000
4044 1739.000000
4045 1.000000
4046 608.000000
4047 134.000000
4048 27.000000
4049 59.000000
4050 182.000000
4051 183.000000
4052 0.000000
4053 82.000000
4054 112.000000
4055 375.000000
4056 579.000000
4057 96.000000
4058 121.000000
4059 347.000000
4060 538.000000
4061 131.000000
4062 0.000000
4063 99.000000
4064 502.000000
4065 32.000000
4066 177.000000
4067 64.000000
4068 79.000000
4069 135.000000
4070 101.000000
4071 343.000000
4072 324.000000
4073 869.000000
4074 99.000000
4075 32.000000
4076 539.000000
4077 0.000000
4078 96.000000
4079 74.000000
4080 204.000000
4081 0.000000
4082 249.000000
4083 18.000000
4084 30.000000
4085 398.000000
4086 337.000000
4087 372.000000
4088 57.000000
4089 13.000000
4090 126.000000
4091 43.000000
4092 31.000000
4093 247.000000
4094 508.000000
4095 86.000000
4096 2243.000000
4097 2294.000000
4098 164.000000
4099 962.000000
4100 279.000000
4101 270.000000
4102 633.000000
4103 2077.000000
4104 1.000000
4105 37.000000
4106 942.000000
4107 331.000000
4108 76.000000
4109 98.000000
4110 59.000000
4111 1107.000000
4112 268.000000
4113 21.000000
4114 126.000000
4115 3.000000
4116 134.000000
4117 118.000000
4118 429.000000
4119 179.000000
4120 140.000000
4121 16.000000
4122 109.000000
4123 281.000000
4124 468.000000
4125 30.000000
4126 462.000000
4127 15.000000
4128 0.000000
4129 0.000000
4130 288.000000
4131 0.000000
4132 237.000000
4133 47.000000
4134 335.000000
4135 1984.000000
4136 20.000000
4137 739.000000
4138 0.000000
4139 0.000000
4140 5.000000
4141 16.000000
4142 182.000000
4143 32.000000
4144 141.000000
4145 262.000000
4146 547.000000
4147 85.000000
4148 107.000000
4149 622.000000
4150 114.000000
4151 57.000000
4152 524.000000
4153 1253.000000
4154 2019.000000
4155 302.000000
4156 232.000000
4157 128.000000
4158 157.000000
4159 22.000000
4160 877.000000
4161 182.000000
4162 255.000000
4163 83.000000
4164 15.000000
4165 236.000000
4166 69.000000
4167 39.000000
4168 2787.000000
4169 0.000000
4170 473.000000
4171 835.000000
4172 128.000000
4173 63.000000
4174 238.000000
4175 651.000000
4176 3004.000000
4177 2050.000000
4178 273.000000
4179 17.000000
4180 0.000000
4181 593.000000
4182 1038.000000
4183 220.000000
4184 159.000000
4185 37.000000
4186 32.000000
4187 77.000000
4188 41.000000
4189 43.000000
4190 127.000000
4191 175.000000
4192 218.000000
4193 160.000000
4194 59.000000
4195 189.000000
4196 103.000000
4197 529.000000
4198 81.000000
4199 794.000000
4200 171.000000
4201 113.000000
4202 24.000000
4203 185.000000
4204 251.000000
4205 45.000000
4206 4.000000
4207 131.000000
4208 116.000000
4209 256.000000
4210 158.000000
4211 167.000000
4212 2515.000000
4213 7.000000
4214 448.000000
4215 98.000000
4216 253.000000
4217 305.000000
4218 25.000000
4219 108.000000
4220 21.000000
4221 485.000000
4222 176.000000
4223 44.000000
4224 40.000000
4225 901.000000
4226 48.000000
4227 286.000000
4228 169.000000
4229 25.000000
4230 83.000000
4231 57.000000
4232 77.000000
4233 130.000000
4234 8.000000
4235 2.000000
4236 2.000000
4237 45.000000
4238 393.000000
4239 147.000000
4240 109.000000
4241 82.000000
4242 183.000000
4243 46.000000
4244 319.000000
4245 43.000000
4246 285.000000
4247 205.000000
4248 85.000000
4249 215.000000
4250 1.000000
4251 160.000000
4252 63.000000
4253 187.000000
4254 4755.000000
4255 290.000000
4256 1023.000000
4257 244.000000
4258 26.000000
4259 58.000000
4260 79.000000
4261 0.000000
4262 78.000000
4263 373.000000
4264 3786.000000
4265 88.000000
4266 277.000000
4267 318.000000
4268 948.000000
4269 136.000000
4270 801.000000
4271 34.000000
4272 45.000000
4273 235.000000
4274 53.000000
4275 1821.000000
4276 67.000000
4277 0.000000
4278 8.000000
4279 244.000000
4280 53.000000
4281 580.000000
4282 1399.000000
4283 22.000000
4284 37.000000
4285 1166.000000
4286 58.000000
4287 271.000000
4288 181.000000
4289 233.000000
4290 188.000000
4291 200.000000
4292 13.000000
4293 340.000000
4294 612.000000
4295 79.000000
4296 36.000000
4297 300.000000
4298 126.000000
4299 2.000000
4300 486.000000
4301 79.000000
4302 194.000000
4303 263.000000
4304 1108.000000
4305 289.000000
4306 202.000000
4307 115.000000
4308 104.000000
4309 13.000000
4310 35.000000
4311 479.000000
4312 329.000000
4313 235.000000
4314 7743.000000
4315 327.000000
4316 39.000000
4317 1450.000000
4318 100.000000
4319 7.000000
4320 209.000000
4321 1696.000000
4322 118.000000
4323 157.000000
4324 13.000000
4325 45.000000
4326 1966.000000
4327 621.000000
4328 1109.000000
4329 104.000000
4330 155.000000
4331 689.000000
4332 1020.000000
4333 182.000000
4334 377.000000
4335 50.000000
4336 79.000000
4337 614.000000
4338 256.000000
4339 226.000000
4340 1075.000000
4341 163.000000
4342 470.000000
4343 258.000000
4344 66.000000
4345 1103.000000
4346 12.000000
4347 186.000000
4348 198.000000
4349 1408.000000
4350 149.000000
4351 116.000000
4352 43.000000
4353 31.000000
4354 191.000000
4355 231.000000
4356 507.000000
4357 120.000000
4358 123.000000
4359 231.000000
4360 1200.000000
4361 184.000000
4362 7.000000
4363 442.000000
4364 0.000000
4365 79.000000
4366 865.000000
4367 162.000000
4368 600.000000
4369 113.000000
4370 86.000000
4371 1312.000000
4372 142.000000
4373 79.000000
4374 280.000000
4375 0.000000
4376 14.000000
4377 3.000000
4378 112.000000
4379 413.000000
4380 228.000000
4381 157.000000
4382 154.000000
4383 310.000000
4384 88.000000
4385 0.000000
4386 61.000000
4387 351.000000
4388 102.000000
4389 1391.000000
4390 831.000000
4391 105.000000
4392 9640.000000
4393 216.000000
4394 803.000000
4395 188.000000
4396 68.000000
4397 540.000000
4398 468.000000
4399 2.000000
4400 182.000000
4401 50.000000
4402 102.000000
4403 67.000000
4404 264.000000
4405 586.000000
4406 420.000000
4407 303.000000
4408 257.000000
4409 1518.000000
4410 519.000000
4411 162.000000
4412 86.000000
4413 320.000000
4414 1111.000000
4415 187.000000
4416 170.000000
4417 175.000000
4418 403.000000
4419 123.000000
4420 1093.000000
4421 38.000000
4422 33.000000
4423 73.000000
4424 134.000000
4425 217.000000
4426 329.000000
4427 131.000000
4428 190.000000
4429 0.000000
4430 5.000000
4431 173.000000
4432 338.000000
4433 126.000000
4434 1657.000000
4435 54.000000
4436 10.000000
4437 3766.000000
4438 272.000000
4439 109.000000
4440 0.000000
4441 7.000000
4442 188.000000
4443 40.000000
4444 87.000000
4445 52.000000
4446 258.000000
4447 2.000000
4448 280.000000
4449 105.000000
4450 64.000000
4451 24.000000
4452 261.000000
4453 3131.000000
4454 214.000000
4455 158.000000
4456 1.000000
4457 24.000000
4458 75.000000
4459 24.000000
4460 5323.000000
4461 186.000000
4462 322.000000
4463 4547.000000
4464 354.000000
4465 178.000000
4466 1632.000000
4467 455.000000
4468 36.000000
4469 179.000000
4470 425.000000
4471 122.000000
4472 41.000000
4473 309.000000
4474 162.000000
4475 3370.000000
4476 164.000000
4477 248.000000
4478 110.000000
4479 76.000000
4480 141.000000
4481 1228.000000
4482 763.000000
4483 1876.000000
4484 2034.000000
4485 2018.000000
4486 9.000000
4487 817.000000
4488 444.000000
4489 122.000000
4490 8712.000000
4491 383.000000
4492 6.000000
4493 1877.000000
4494 136.000000
4495 38.000000
4496 297.000000
4497 57.000000
4498 7.000000
4499 216.000000
4500 526.000000
4501 164.000000
4502 173.000000
4503 173.000000
4504 1085.000000
4505 93.000000
4506 24.000000
4507 1398.000000
4508 131.000000
4509 367.000000
4510 617.000000
4511 27.000000
4512 30.000000
4513 512.000000
4514 50.000000
4515 272.000000
4516 155.000000
4517 70.000000
4518 1.000000
4519 101.000000
4520 196.000000
4521 181.000000
4522 93.000000
4523 437.000000
4524 2384.000000
4525 140.000000
4526 264.000000
4527 1515.000000
4528 161.000000
4529 328.000000
4530 248.000000
4531 153.000000
4532 45.000000
4533 91.000000
4534 930.000000
4535 1030.000000
4536 186.000000
4537 180.000000
4538 262.000000
4539 178.000000
4540 599.000000
4541 0.000000
4542 338.000000
4543 29.000000
4544 317.000000
4545 36.000000
4546 192.000000
4547 387.000000
4548 1174.000000
4549 227.000000
4550 0.000000
4551 276.000000
4552 317.000000
4553 103.000000
4554 201.000000
4555 36.000000
4556 0.000000
4557 224.000000
4558 23.000000
4559 275.000000
4560 265.000000
4561 53.000000
4562 132.000000
4563 42.000000
4564 179.000000
4565 56.000000
4566 253.000000
4567 47.000000
4568 133.000000
4569 146.000000
4570 685.000000
4571 17.000000
4572 655.000000
4573 25.000000
4574 519.000000
4575 143.000000
4576 561.000000
4577 257.000000
4578 33.000000
4579 32.000000
4580 3119.000000
4581 166.000000
4582 24.000000
4583 6.000000
4584 4042.000000
4585 117.000000
4586 243.000000
4587 2745.000000
4588 75.000000
4589 11.000000
4590 287.000000
4591 173.000000
4592 42.000000
4593 195.000000
4594 284.000000
4595 56.000000
4596 342.000000
4597 39.000000
4598 2761.000000
4599 184.000000
4600 975.000000
4601 649.000000
4602 168.000000
4603 429.000000
4604 68.000000
4605 798.000000
4606 52.000000
4607 1365.000000
4608 179.000000
4609 25.000000
4610 454.000000
4611 263.000000
4612 531.000000
4613 319.000000
4614 300.000000
4615 1286.000000
4616 32.000000
4617 508.000000
4618 145.000000
4619 366.000000
4620 0.000000
4621 316.000000
4622 335.000000
4623 155.000000
4624 57.000000
4625 114.000000
4626 308.000000
4627 2073.000000
4628 8.000000
4629 168.000000
4630 507.000000
4631 98.000000
4632 64.000000
4633 616.000000
4634 330.000000
4635 79.000000
4636 36.000000
4637 174.000000
4638 37.000000
4639 161.000000
4640 397.000000
4641 333.000000
4642 1329.000000
4643 254.000000
4644 735.000000
4645 2492.000000
4646 140.000000
4647 505.000000
4648 247.000000
4649 0.000000
4650 107.000000
4651 1816.000000
4652 24.000000
4653 419.000000
4654 417.000000
4655 145.000000
4656 134.000000
4657 227.000000
4658 1300.000000
4659 0.000000
4660 509.000000
4661 309.000000
4662 1943.000000
4663 615.000000
4664 27.000000
4665 466.000000
4666 134.000000
4667 147.000000
4668 1816.000000
4669 7728.000000
4670 78.000000
4671 182.000000
4672 40.000000
4673 56.000000
4674 1820.000000
4675 536.000000
4676 22.000000
4677 58.000000
4678 46.000000
4679 175.000000
4680 0.000000
4681 151.000000
4682 103.000000
4683 375.000000
4684 166.000000
4685 73.000000
4686 76.000000
4687 27.000000
4688 105.000000
4689 353.000000
4690 283.000000
4691 181.000000
4692 30.000000
4693 850.000000
4694 30.000000
4695 343.000000
4696 161.000000
4697 48.000000
4698 1.000000
4699 502.000000
4700 379.000000
4701 3378.000000
4702 320.000000
4703 849.000000
4704 61.000000
4705 121.000000
4706 235.000000
4707 65.000000
4708 26.000000
4709 439.000000
4710 159.000000
4711 350.000000
4712 5.000000
4713 73.000000
4714 255.000000
4715 232.000000
4716 261.000000
4717 120.000000
4718 329.000000
4719 178.000000
4720 371.000000
4721 957.000000
4722 416.000000
4723 26.000000
4724 44.000000
4725 565.000000
4726 351.000000
4727 0.000000
4728 545.000000
4729 8.000000
4730 786.000000
4731 145.000000
4732 123.000000
4733 52.000000
4734 3606.000000
4735 62.000000
4736 172.000000
4737 1550.000000
4738 164.000000
4739 59.000000
4740 580.000000
4741 979.000000
4742 228.000000
4743 68.000000
4744 36.000000
4745 102.000000
4746 46.000000
4747 247.000000
4748 153.000000
4749 422.000000
4750 72.000000
4751 224.000000
4752 793.000000
4753 91.000000
4754 39.000000
4755 3160.000000
4756 326.000000
4757 4146.000000
4758 859.000000
4759 56.000000
4760 388.000000
4761 8.000000
4762 398.000000
4763 6.000000
4764 315.000000
4765 4316.000000
4766 179.000000
4767 77.000000
4768 463.000000
4769 0.000000
4770 120.000000
4771 462.000000
4772 148.000000
4773 59.000000
4774 312.000000
4775 266.000000
4776 45.000000
4777 144.000000
4778 261.000000
4779 201.000000
4780 1271.000000
4781 851.000000
4782 19.000000
4783 100.000000
4784 225.000000
4785 123.000000
4786 278.000000
4787 153.000000
4788 153.000000
4789 39.000000
4790 217.000000
4791 436.000000
4792 863.000000
4793 81.000000
4794 41.000000
4795 199.000000
4796 82.000000
4797 5953.000000
4798 130.000000
4799 83.000000
4800 293.000000
4801 104.000000
4802 384.000000
4803 251.000000
4804 164.000000
4805 3.000000
4806 397.000000
4807 396.000000
4808 274.000000
4809 1144.000000
4810 156.000000
4811 159.000000
4812 91.000000
4813 1107.000000
4814 398.000000
4815 475.000000
4816 212.000000
4817 27.000000
4818 296.000000
4819 865.000000
4820 35.000000
4821 71.000000
4822 529.000000
4823 112.000000
4824 65.000000
4825 18.000000
4826 121.000000
4827 248.000000
4828 123.000000
4829 1308.000000
4830 29.000000
4831 300.000000
4832 689.000000
4833 102.000000
4834 385.000000
4835 104.000000
4836 40.000000
4837 182.000000
4838 110.000000
4839 150.000000
4840 176.000000
4841 413.000000
4842 175.000000
4843 77.000000
4844 269.000000
4845 324.000000
4846 170.000000
4847 79.000000
4848 22.000000
4849 445.000000
4850 202.000000
4851 375.000000
4852 177.000000
4853 752.000000
4854 14.000000
4855 31.000000
4856 310.000000
4857 97.000000
4858 320.000000
4859 685.000000
4860 109.000000
4861 29.000000
4862 120.000000
4863 132.000000
4864 974.000000
4865 108.000000
4866 637.000000
4867 140.000000
4868 171.000000
4869 126.000000
4870 413.000000
4871 434.000000
4872 94.000000
4873 1033.000000
4874 1719.000000
4875 23.000000
4876 1244.000000
4877 526.000000
4878 233.000000
4879 971.000000
4880 683.000000
4881 132.000000
4882 199.000000
4883 160.000000
4884 178.000000
4885 45.000000
4886 171.000000
4887 1.000000
4888 89.000000
4889 31.000000
4890 0.000000
4891 1243.000000
4892 207.000000
4893 360.000000
4894 74.000000
4895 39.000000
4896 17.000000
4897 214.000000
4898 131.000000
4899 80.000000
4900 27.000000
4901 236.000000
4902 579.000000
4903 171.000000
4904 2514.000000
4905 173.000000
4906 58.000000
4907 18.000000
4908 240.000000
4909 114.000000
4910 41.000000
4911 126.000000
4912 401.000000
4913 23.000000
4914 495.000000
4915 23.000000
4916 274.000000
4917 218.000000
4918 28.000000
4919 2531.000000
4920 192.000000
4921 110.000000
4922 233.000000
4923 2394.000000
4924 804.000000
4925 190.000000
4926 68.000000
4927 81.000000
4928 22.000000
4929 212.000000
4930 72.000000
4931 1208.000000
4932 280.000000
4933 632.000000
4934 697.000000
4935 28.000000
4936 335.000000
4937 1303.000000
4938 22.000000
4939 69.000000
4940 60.000000
4941 118.000000
4942 164.000000
4943 0.000000
4944 129.000000
4945 44.000000
4946 7.000000
4947 210.000000
4948 58.000000
4949 1378.000000
4950 271.000000
4951 8863.000000
4952 29.000000
4953 138.000000
4954 202.000000
4955 26.000000
4956 140.000000
4957 6.000000
4958 1007.000000
4959 93.000000
4960 122.000000
4961 18.000000
4962 32.000000
4963 0.000000
4964 377.000000
4965 443.000000
4966 187.000000
4967 560.000000
4968 137.000000
4969 119.000000
4970 54.000000
4971 753.000000
4972 385.000000
4973 471.000000
4974 176.000000
4975 50.000000
4976 341.000000
4977 377.000000
4978 917.000000
4979 63.000000
4980 51.000000
4981 53.000000
4982 3.000000
4983 104.000000
4984 531.000000
4985 2087.000000
4986 501.000000
4987 14.000000
4988 116.000000
4989 50.000000
4990 394.000000
4991 54.000000
4992 560.000000
4993 309.000000
4994 448.000000
4995 164.000000
4996 123.000000
4997 198.000000
4998 126.000000
4999 22.000000
5000 84.000000
5001 127.000000
5002 18.000000
5003 222.000000
5004 66.000000
5005 9517.000000
5006 197.000000
5007 290.000000
5008 234.000000
5009 146.000000
5010 356.000000
5011 117.000000
5012 213.000000
5013 147.000000
5014 28.000000
5015 132.000000
5016 189.000000
5017 18.000000
5018 125.000000
5019 63.000000
5020 41.000000
5021 97.000000
5022 1181.000000
5023 155.000000
5024 311.000000
5025 121.000000
5026 74.000000
5027 207.000000
5028 113.000000
5029 191.000000
5030 950.000000
5031 40.000000
5032 214.000000
5033 1845.000000
5034 244.000000
5035 292.000000
5036 102.000000
5037 336.000000
5038 1444.000000
5039 30.000000
5040 187.000000
5041 25.000000
5042 1.000000
5043 37.000000
5044 19.000000
5045 307.000000
5046 183.000000
5047 42.000000
5048 174.000000
5049 127.000000
5050 0.000000
5051 215.000000
5052 93.000000
5053 138.000000
5054 35.000000
5055 81.000000
5056 55.000000
5057 2540.000000
5058 24.000000
5059 2038.000000
5060 51.000000
5061 25.000000
5062 348.000000
5063 9060.000000
5064 234.000000
5065 168.000000
5066 65.000000
5067 2895.000000
5068 50.000000
5069 81.000000
5070 89.000000
5071 74.000000
5072 32.000000
5073 25.000000
5074 19.000000
5075 0.000000
5076 342.000000
5077 13.000000
5078 501.000000
5079 161.000000
5080 39.000000
5081 592.000000
5082 14.000000
5083 117.000000
5084 215.000000
5085 307.000000
5086 33.000000
5087 35.000000
5088 131.000000
5089 0.000000
5090 455.000000
5091 108.000000
5092 141.000000
5093 150.000000
5094 1.000000
5095 55.000000
5096 203.000000
5097 888.000000
5098 111.000000
5099 402.000000
5100 270.000000
5101 237.000000
5102 1660.000000
5103 83.000000
5104 60.000000
5105 105.000000
5106 16.000000
5107 296.000000
5108 158.000000
5109 51.000000
