3610 269.966003
3611 185.196259
3612 264.758179
3613 196.721497
3614 338.329407
3615 272.075378
3616 208.185120
3617 41.189247
3618 3827.602184
3619 331.155426
3620 102.719978
3621 457.378906
3622 166.941376
3623 1769.513733
3624 56.574722
3625 660.839722
3626 40.235100
3627 53.203423
3628 14.726267
3629 59.620110
3630 120.068031
3631 32.572266
3632 304.134247
3633 118.366348
3634 292.130310
3635 687.214600
3636 321.663879
3637 427.001160
3638 75.330933
3639 764.287231
3640 197.207855
3641 780.185303
3642 336.605957
3643 60.287975
3644 153.351837
3645 252.853516
3646 1326.261963
3647 73.287109
3648 123.576981
3649 42.093090
3650 416.147186
3651 176.895309
3652 5.376816
3653 93.823944
3654 88.881302
3655 34.703388
3656 104.996185
3657 363.593262
3658 629.229797
3659 148.808289
3660 80.996773
3661 217.468140
3662 7.560444
3663 1138.024170
3664 222.067734
3665 100.501266
3666 11.684301
3667 50.218033
3668 440.758606
3669 0.429023
3670 439.278992
3671 12.933438
3672 63.280968
3673 93.915115
3674 32.712955
3675 487.408936
3676 44.590279
3677 78.634834
3678 237.962830
3679 243.360931
3680 50.319695
3681 147.099274
3682 955.400879
3683 893.630920
3684 28.029892
3685 55.273804
3686 133.109619
3687 104.813736
3688 5.106354
3689 104.438232
3690 112.975998
3691 681.198486
3692 21.189747
3693 68.242813
3694 3457.409827
3695 12.187742
3696 21.843138
3697 108.465332
3698 194.779083
3699 4.286414
3700 324.881104
3701 269.534180
3702 310.524933
3703 148.512985
3704 117.031357
3705 6.978621
3706 459.409241
3707 34.633606
3708 86.880066
3709 139.810867
3710 178.000626
3711 456.190369
3712 1108.394775
3713 121.524185
3714 56.680756
3715 1314.829590
3716 53.785866
3717 1.336921
3718 59.868362
3719 14.075357
3720 109.604515
3721 605.785095
3722 6.324874
3723 11.967477
3724 394.838623
3725 513.511963
3726 8.410664
3727 24.604641
3728 1394.080811
3729 23.393318
3730 115.574493
3731 115.654121
3732 98.027916
3733 26.771441
3734 912.399475
3735 12.093275
3736 0.553878
3737 45.800377
3738 502.689545
3739 51.734886
3740 160.353638
3741 1862.817810
3742 18.098484
3743 317.774445
3744 127.002731
3745 311.218170
3746 104.191193
3747 0.693472
3748 235.078995
3749 56.588955
3750 239.119217
3751 44.815784
3752 794.641968
3753 627.268799
3754 1393.438721
3755 91.919220
3756 8.138323
3757 1.350781
3758 1202.703857
3759 515.266113
3760 29.415768
3761 11792.981201
3762 235.566376
3763 1294.734863
3764 4.113980
3765 10.487825
3766 25.197609
3767 6.132675
3768 47.949924
3769 1214.436768
3770 914.047363
3771 1134.883545
3772 671.600708
3773 81.543213
3774 603.114746
3775 844.365723
3776 281.359863
3777 15.371115
3778 844.165405
3779 287.819946
3780 380.043945
3781 268.823486
3782 688.879761
3783 4142.347594
3784 19.079466
3785 343.366425
3786 1248.926270
3787 45.442104
3788 2272.163025
3789 19.984978
3790 2.567586
3791 1.700492
3792 469.723969
3793 47.764206
3794 37.391502
3795 4.044060
3796 1291.199341
3797 158.677765
3798 262.517578
3799 66.913269
3800 174.726593
3801 439.540527
3802 34.323921
3803 42.304893
3804 371.222351
3805 527.549927
3806 577.796631
3807 67.557449
3808 161.647644
3809 130.705017
3810 142.281662
3811 2278.583162
3812 12.429876
3813 776.990662
3814 223.165833
3815 83.582626
3816 292.237366
3817 239.883865
3818 514.971069
3819 11.755006
3820 30.054462
3821 576.305115
3822 83.335144
3823 325.476868
3824 141.113708
3825 300.638916
3826 253.353546
3827 29.479790
3828 71.246552
3829 209.146210
3830 37.455250
3831 193.107239
3832 193.141327
3833 27.636295
3834 327.804626
3835 49.453629
3836 279.745789
3837 510.730438
3838 605.710571
3839 155.020844
3840 19.834709
3841 681.654602
3842 27.416462
3843 20.818747
3844 764.269287
3845 106.156937
3846 60.828983
3847 136.624741
3848 3126.014755
3849 151.801727
3850 130.825424
3851 1409.342285
3852 150.306305
3853 57.757587
3854 15.680237
3855 293.594757
3856 199.995575
3857 319.171997
3858 15.669030
3859 62.648163
3860 42.579376
3861 421.429993
3862 13.521657
3863 262.173157
3864 503.543152
3865 46.192505
3866 693.021179
3867 26.879028
3868 10.102125
3869 189.867371
3870 45.404366
3871 11.970501
3872 291.732117
3873 196.381760
3874 184.058853
3875 33.583820
3876 167.631042
3877 85.131149
3878 74.509903
3879 229.625977
3880 250.365173
3881 36.352871
3882 5.902915
3883 249.305634
3884 721.160889
3885 39.099949
3886 38.289757
3887 327.189362
3888 175.573486
3889 68.857315
3890 184.121323
3891 127.441086
3892 664.355347
3893 320.478455
3894 71.681763
3895 29.710878
3896 119.551743
3897 1.382563
3898 145.871277
3899 210.460571
3900 152.876083
3901 59.761841
3902 356.016052
3903 2003.976990
3904 1815.661564
3905 353.438477
3906 74.191460
3907 5.595109
3908 102.634781
3909 447.216003
3910 42.602997
3911 187.471191
3912 133.337097
3913 2717.522531
3914 119.273849
3915 980.554199
3916 256.896729
3917 36.507210
3918 6.899834
3919 152.888657
3920 112.570923
3921 186.410065
3922 315.526154
3923 173.053467
3924 44.021095
3925 320.198883
3926 564.902588
3927 20.177685
3928 46.846107
3929 136.556732
3930 425.490570
3931 771.131836
3932 1.076206
3933 203.395157
3934 140.269943
3935 46.361874
3936 26.016594
3937 547.474731
3938 1333.737183
3939 145.632492
3940 28.608803
3941 2304.316818
3942 184.940109
3943 38.886654
3944 165.337753
3945 339.735077
3946 5.772110
3947 378.032318
3948 477.434631
3949 948.944763
3950 82.205948
3951 344.257507
3952 533.282532
3953 529.845947
3954 2813.307373
3955 17.533146
3956 21.316654
3957 156.971344
3958 0.616878
3959 115.501900
3960 1034.915283
3961 56.314651
3962 99.909203
3963 60.127151
3964 149.939194
3965 118.355865
3966 1.243117
3967 8.427773
3968 277.738037
3969 241.297577
3970 92.402786
3971 246.619629
3972 105.350800
3973 204.316284
3974 7.695300
3975 883.695312
3976 1420.301025
3977 97.178474
3978 220.471420
3979 364.309692
3980 36.672791
3981 66.192627
3982 42.618195
3983 424.661804
3984 20.212496
3985 20.445196
3986 9.373014
3987 187.523651
3988 844.870056
3989 4760.174101
3990 505.131897
3991 83.938431
3992 473.114563
3993 46.271824
3994 111.936623
3995 75.317291
3996 409.728882
3997 789.745972
3998 32.303608
3999 180.331039
4000 133.919342
4001 168.025909
4002 62.232712
4003 36.516319
4004 401.156555
4005 177.266632
4006 1.123827
4007 281.078491
4008 290.627472
4009 76.721512
4010 157.897888
4011 283.472900
4012 264.033112
4013 39.781948
4014 9.584916
4015 20.002159
4016 179.843170
4017 267.913483
4018 148.944946
4019 125.618118
4020 389.134827
4021 38.389008
4022 349.774475
4023 45.812706
4024 76.924149
4025 287.497070
4026 316.979431
4027 21.707493
4028 37.380737
4029 242.264496
4030 2530.770591
4031 148.549164
4032 78.835457
4033 259.616211
4034 144.572983
4035 460.768250
4036 67.345963
4037 215.534363
4038 93.378273
4039 146.586288
4040 82.973907
4041 1036.027832
4042 89.551254
4043 1334.432861
4044 1361.600952
4045 10.263288
4046 524.557129
4047 109.518753
4048 34.353615
4049 53.449776
4050 171.749542
4051 186.413727
4052 2.071650
4053 78.571228
4054 113.961105
4055 403.570435
4056 584.034241
4057 93.177994
4058 121.533279
4059 363.226685
4060 538.268921
4061 125.392105
4062 1.274747
4063 103.428558
4064 535.413940
4065 17.600502
4066 169.154510
4067 67.285248
4068 82.552505
4069 129.848145
4070 83.889229
4071 317.085999
4072 319.167419
4073 839.422363
4074 107.245010
4075 33.336777
4076 501.793823
4077 0.678134
4078 79.758308
4079 95.193268
4080 201.018173
4081 3.367273
4082 245.582123
4083 15.027985
4084 38.853535
4085 387.393768
4086 324.581604
4087 346.738800
4088 40.263542
4089 23.150307
4090 121.514389
4091 39.627495
4092 20.742058
4093 251.574097
4094 368.148804
4095 105.138031
4096 2140.983818
4097 2285.361343
4098 168.202606
4099 814.067078
4100 274.467163
4101 249.409973
4102 637.910278
4103 2004.526503
4104 1.334813
4105 34.418243
4106 896.347534
4107 341.679230
4108 63.709396
4109 86.242004
4110 44.570412
4111 1112.881348
4112 242.211456
4113 33.917572
4114 106.592499
4115 5.894426
4116 127.348557
4117 134.859955
4118 403.378387
4119 168.021667
4120 124.649841
4121 6.863767
4122 63.257126
4123 246.927826
4124 445.379333
4125 32.909050
4126 532.121460
4127 15.807995
4128 5.305362
4129 2.058437
4130 282.103668
4131 1.059763
4132 229.468689
4133 44.487778
4134 316.535675
4135 1950.128906
4136 17.485786
4137 733.158691
4138 1.168148
4139 1.801481
4140 5.535388
4141 14.391303
4142 186.017349
4143 29.098801
4144 139.211594
4145 276.236359
4146 481.723907
4147 66.972221
4148 89.317162
4149 570.599731
4150 124.822548
4151 54.156540
4152 501.962097
4153 1215.892822
4154 2044.549347
4155 282.963989
4156 235.934418
4157 126.756058
4158 135.030380
4159 8.995974
4160 746.673889
4161 177.940704
4162 261.349396
4163 45.568062
4164 14.678224
4165 220.846588
4166 80.846710
4167 36.779430
4168 2789.303436
4169 0.946305
4170 499.580750
4171 664.665894
4172 127.520493
4173 75.734680
4174 228.932510
4175 686.410400
4176 2919.508167
4177 2443.499344
4178 282.205780
4179 17.749010
4180 1.023431
4181 574.018799
4182 1011.019409
4183 212.807678
4184 98.011101
4185 37.350445
4186 33.400597
4187 70.696945
4188 37.557968
4189 51.126892
4190 133.232132
4191 171.459061
4192 220.837860
4193 154.194519
4194 43.666458
4195 196.839264
4196 107.761703
4197 519.240906
4198 91.147308
4199 688.083740
4200 175.135757
4201 146.460968
4202 29.144878
4203 175.496887
4204 248.778046
4205 41.992149
4206 2.982203
4207 124.951988
4208 106.437836
4209 212.075897
4210 145.898727
4211 142.989655
4212 2702.404739
4213 4.135855
4214 447.546326
4215 65.847153
4216 243.418732
4217 320.558472
4218 32.598236
4219 157.008270
4220 22.367519
4221 513.153442
4222 183.625854
4223 44.828003
4224 35.046234
4225 784.830322
4226 47.088074
4227 252.571350
4228 161.635345
4229 19.992342
4230 98.994728
4231 52.716728
4232 95.476517
4233 129.643692
4234 9.339172
4235 1.585071
4236 8.176307
4237 41.953636
4238 351.997559
4239 131.784119
4240 92.394165
4241 80.170593
4242 163.504669
4243 40.862495
4244 341.104980
4245 38.003868
4246 254.854279
4247 186.299652
4248 72.558662
4249 210.866669
4250 7.965307
4251 156.801575
4252 52.770794
4253 212.651733
4254 5052.352498
4255 300.970459
4256 955.298706
4257 249.487274
4258 19.437080
4259 45.227852
4260 65.848038
4261 1.257941
4262 75.231400
4263 364.635345
4264 3443.839440
4265 75.979233
4266 239.361176
4267 321.315613
4268 928.181519
4269 137.484680
4270 760.603638
4271 39.660660
4272 48.496761
4273 238.239563
4274 48.458851
4275 1841.965073
4276 67.151497
4277 5.213902
4278 47.900539
4279 251.424667
4280 51.709732
4281 604.229858
4282 1333.856934
4283 18.970333
4284 28.791065
4285 1124.046875
4286 64.785179
4287 210.692245
4288 186.327972
4289 226.313828
4290 184.112640
4291 182.530609
4292 14.215364
4293 346.739136
4294 579.398804
4295 79.854950
4296 31.244291
4297 305.591553
4298 122.060829
4299 8.164737
4300 467.985840
4301 74.497528
4302 167.907623
4303 257.178833
4304 1095.767944
4305 297.243713
4306 194.875412
4307 63.626270
4308 105.808029
4309 10.521523
4310 31.014740
4311 469.964539
4312 334.415375
4313 196.822327
4314 8040.842518
4315 311.555542
4316 47.122101
4317 1461.829102
4318 98.697639
4319 7.602407
4320 166.453705
4321 1323.193604
4322 126.819366
4323 163.996185
4324 15.689461
4325 42.656040
4326 1875.260941
4327 622.777893
4328 1068.626465
4329 99.169090
4330 148.415955
4331 714.441345
4332 1048.590454
4333 167.172821
4334 367.628418
4335 42.776482
4336 76.412079
4337 612.765869
4338 263.892822
4339 218.106720
4340 1141.201416
4341 170.152679
4342 469.405334
4343 244.314346
4344 63.048023
4345 1080.160156
4346 8.078312
4347 193.348206
4348 197.237823
4349 1297.677734
4350 114.753571
4351 117.538208
4352 37.062130
4353 21.223589
4354 179.498718
4355 245.410446
4356 430.883972
4357 133.158630
4358 105.231842
4359 202.344696
4360 1478.039307
4361 164.193756
4362 7.781804
4363 565.619873
4364 1.369128
4365 81.189560
4366 785.541138
4367 167.310760
4368 619.097412
4369 106.487175
4370 88.172707
4371 1434.345703
4372 152.614044
4373 72.208672
4374 269.823578
4375 4.419812
4376 15.392807
4377 7.394654
4378 98.399216
4379 411.859924
4380 219.114014
4381 141.878983
4382 152.006348
4383 280.165771
4384 87.356995
4385 10.779789
4386 50.127190
4387 363.431030
4388 117.821732
4389 1268.328857
4390 803.564331
4391 91.320404
4392 8602.632210
4393 218.994125
4394 758.402649
4395 163.387970
4396 69.499573
4397 520.604492
4398 472.385590
4399 0.975256
4400 182.558197
4401 56.331993
4402 94.799080
4403 68.180817
4404 273.250244
4405 507.911011
4406 362.252014
4407 254.969299
4408 215.218109
4409 1513.713831
4410 504.057404
4411 146.681030
4412 96.472122
4413 301.616486
4414 1093.527100
4415 144.741638
4416 155.168030
4417 170.556610
4418 345.403381
4419 102.178871
4420 965.949585
4421 39.776932
4422 11.647229
4423 60.221420
4424 134.251358
4425 225.906494
4426 333.623169
4427 114.250481
4428 153.694077
4429 10.977419
4430 4.066244
4431 159.658478
4432 326.651550
4433 105.788322
4434 1716.673218
4435 41.318691
4436 10.840195
4437 4497.727264
4438 264.759094
4439 119.364098
4440 1.833575
4441 20.825752
4442 200.289642
4443 39.444283
4444 70.833115
4445 47.516991
4446 269.916992
4447 4.727788
4448 275.251221
4449 84.824249
4450 58.007378
4451 10.775934
4452 263.397980
4453 2446.003269
4454 213.686951
4455 147.041504
4456 0.390266
4457 23.668619
4458 85.030823
4459 22.073692
4460 4832.437805
4461 174.330933
4462 305.333130
4463 3504.505393
4464 375.951111
4465 157.054565
4466 1550.031647
4467 419.130005
4468 46.741463
4469 196.001282
4470 460.473755
4471 107.243919
4472 33.552620
4473 266.616699
4474 135.646851
4475 3344.465878
4476 160.573242
4477 260.800842
4478 121.434441
4479 64.801476
4480 117.666351
4481 1172.178711
4482 666.368042
4483 1768.093013
4484 2078.617363
4485 1166.410889
4486 6.842937
4487 738.309692
4488 362.437378
4489 119.542740
4490 9058.941078
4491 341.937836
4492 1.261467
4493 1777.278336
4494 142.911011
4495 24.020802
4496 314.401367
4497 40.795330
4498 8.316955
4499 181.954376
4500 532.686401
4501 157.688217
4502 152.078018
4503 193.561035
4504 1108.093018
4505 83.735954
4506 21.027351
4507 1391.584229
4508 147.204926
4509 335.642151
4510 643.768311
4511 20.129940
4512 29.814526
4513 516.090942
4514 44.384846
4515 254.337128
4516 155.260223
4517 50.437439
4518 5.636862
4519 92.566139
4520 181.258636
4521 199.787491
4522 82.526085
4523 466.358215
4524 2272.598192
4525 133.240875
4526 252.542023
4527 1603.529602
4528 145.351166
4529 352.114502
4530 244.295715
4531 125.442703
4532 29.537975
4533 101.121048
4534 861.761353
4535 984.565552
4536 197.434174
4537 177.561188
4538 234.954514
4539 176.363495
4540 558.855591
4541 0.967538
4542 316.187073
4543 23.671396
4544 302.037659
4545 28.150425
4546 142.569778
4547 360.541107
4548 1579.525391
4549 202.418732
4550 5.361884
4551 264.794250
4552 253.125000
4553 106.762169
4554 205.651642
4555 21.234226
4556 0.858193
4557 222.068237
4558 17.209351
4559 269.811859
4560 249.874664
4561 54.617947
4562 61.041039
4563 42.652573
4564 166.169693
4565 50.988560
4566 252.683594
4567 55.625099
4568 124.191734
4569 136.242722
4570 656.312378
4571 7.594400
4572 513.518188
4573 20.379513
4574 484.937805
4575 111.399437
4576 510.642578
4577 246.186111
4578 32.202858
4579 28.961142
4580 3416.827423
4581 188.058365
4582 30.227402
4583 6.427732
4584 3838.657817
4585 114.304077
4586 224.598694
4587 2846.769423
4588 76.630554
4589 6.195846
4590 253.115921
4591 177.843216
4592 33.468063
4593 176.614838
4594 301.426331
4595 34.155373
4596 313.624084
4597 22.125135
4598 2816.135559
4599 162.321869
4600 1084.631836
4601 563.766846
4602 153.082047
4603 422.242981
4604 76.756355
4605 753.914551
4606 46.656738
4607 1229.348022
4608 164.323471
4609 15.716393
4610 422.270691
4611 237.661530
4612 537.529236
4613 309.004517
4614 296.446075
4615 1201.333130
4616 22.892803
4617 427.514221
4618 131.243607
4619 353.396362
4620 3.496314
4621 347.149872
4622 333.750580
4623 166.230331
4624 58.082733
4625 117.245110
4626 294.149414
4627 2181.852295
4628 8.193498
4629 154.700775
4630 442.690369
4631 98.303886
4632 64.605133
4633 617.440796
4634 268.796906
4635 95.472221
4636 18.508713
4637 156.319962
4638 41.728828
4639 161.308746
4640 374.204590
4641 302.796997
4642 1294.612305
4643 236.905029
4644 709.412292
4645 2321.161133
4646 152.658249
4647 534.706238
4648 260.584534
4649 0.542342
4650 95.844917
4651 1705.336945
4652 10.751898
4653 377.163971
4654 383.995056
4655 138.954742
4656 107.043259
4657 223.358200
4658 1290.570801
4659 8.357014
4660 464.435760
4661 312.339813
4662 2084.525731
4663 620.055237
4664 27.293308
4665 449.380188
4666 98.932205
4667 141.799225
4668 1837.860233
4669 7916.205414
4670 69.392899
4671 184.184464
4672 37.841423
4673 29.175697
4674 1849.548006
4675 600.822510
4676 19.871754
4677 63.464523
4678 22.105011
4679 145.995941
4680 1.718614
4681 153.060181
4682 99.331635
4683 381.972809
4684 166.301971
4685 78.406990
4686 76.741257
4687 13.494236
4688 66.688248
4689 339.534729
4690 252.458221
4691 187.901917
4692 31.969322
4693 842.221313
4694 30.705891
4695 365.045593
4696 166.120895
4697 29.115139
4698 17.322187
4699 498.260498
4700 374.606476
4701 1377.544434
4702 322.572937
4703 813.682861
4704 48.752907
4705 114.526978
4706 184.118011
4707 47.402431
4708 27.943916
4709 433.704224
4710 119.145622
4711 358.261353
4712 9.305484
4713 131.845123
4714 256.483002
4715 248.004639
4716 235.100067
4717 116.684029
4718 302.618958
4719 198.594055
4720 359.758179
4721 949.195068
4722 446.418121
4723 34.362507
4724 41.005798
4725 530.838257
4726 379.626526
4727 0.905454
4728 478.822693
4729 3.775986
4730 836.470093
4731 159.818451
4732 103.123749
4733 48.303421
4734 3616.769547
4735 57.098534
4736 139.006470
4737 1429.180328
4738 166.939346
4739 67.605453
4740 580.845215
4741 964.125366
4742 229.687317
4743 80.166313
4744 33.605354
4745 91.549232
4746 46.871212
4747 256.206635
4748 148.885620
4749 414.632111
4750 67.517532
4751 241.589233
4752 812.657715
4753 88.265350
4754 18.360464
4755 2991.375824
4756 339.449097
4757 5485.302002
4758 826.521729
4759 58.216843
4760 404.084717
4761 2.946762
4762 393.770050
4763 7.208008
4764 302.695801
4765 4622.553452
4766 187.230988
4767 77.777664
4768 397.697144
4769 6.192244
4770 123.962700
4771 368.341766
4772 148.335510
4773 51.800652
4774 339.722656
4775 284.621826
4776 37.303658
4777 149.520355
4778 266.454163
4779 196.361725
4780 1326.366699
4781 828.690369
4782 15.753214
4783 97.838463
4784 231.073959
4785 113.748962
4786 267.806458
4787 152.791702
4788 136.324341
4789 32.690380
4790 203.793304
4791 406.347198
4792 858.186646
4793 79.852890
4794 39.184898
4795 200.927887
4796 86.009239
4797 6111.846201
4798 112.394379
4799 75.762177
4800 297.958069
4801 111.857117
4802 367.504608
4803 268.588928
4804 161.407196
4805 9.955140
4806 407.429443
4807 389.648621
4808 221.309189
4809 1153.655762
4810 148.314789
4811 168.727890
4812 94.592026
4813 1158.145264
4814 347.463806
4815 527.130615
4816 210.208130
4817 37.256355
4818 247.670746
4819 778.157227
4820 36.180450
4821 63.662994
4822 492.129364
4823 105.074432
4824 72.504211
4825 21.508869
4826 125.323746
4827 251.421478
4828 130.842941
4829 1296.807861
4830 28.251570
4831 328.416687
4832 752.924500
4833 104.100464
4834 380.685120
4835 96.321793
4836 45.913956
4837 175.714142
4838 90.618378
4839 145.953186
4840 152.789734
4841 392.780518
4842 161.937866
4843 73.027061
4844 241.405609
4845 277.681030
4846 158.110687
4847 107.140221
4848 22.028088
4849 450.996643
4850 187.940674
4851 387.653168
4852 170.647049
4853 713.104736
4854 17.974253
4855 30.936035
4856 296.896729
4857 101.873482
4858 299.686035
4859 607.743225
4860 80.927551
4861 92.054062
4862 118.314758
4863 127.718147
4864 1008.511353
4865 122.061256
4866 531.684204
4867 136.564728
4868 145.111389
4869 108.073906
4870 443.870514
4871 451.937469
4872 91.406174
4873 881.476562
4874 1683.544495
4875 21.194227
4876 1088.172241
4877 477.213745
4878 204.102676
4879 878.433350
4880 687.635010
4881 126.043137
4882 160.614655
4883 143.832855
4884 176.367767
4885 38.309563
4886 165.164841
4887 6.578357
4888 67.793518
4889 17.353262
4890 3.817545
4891 1203.534180
4892 202.823776
4893 326.769409
4894 71.506104
4895 34.861694
4896 11.325405
4897 208.533524
4898 127.382645
4899 80.381187
4900 36.567226
4901 231.650101
4902 559.732178
4903 163.231705
4904 2364.368164
4905 149.966492
4906 59.006882
4907 21.792686
4908 219.948502
4909 105.668434
4910 30.992212
4911 117.521683
4912 454.651459
4913 23.850746
4914 443.813751
4915 19.917137
4916 271.453064
4917 194.950043
4918 31.287233
4919 2648.573242
4920 204.142197
4921 111.875031
4922 206.903564
4923 2439.116394
4924 768.939514
4925 157.867630
4926 73.485779
4927 96.511017
4928 8.920902
4929 229.324188
4930 65.304932
4931 1166.236328
4932 289.422363
4933 521.944458
4934 705.983276
4935 24.980740
4936 341.478516
4937 1188.784424
4938 31.986794
4939 72.513611
4940 33.415630
4941 101.895554
4942 149.234146
4943 2.383711
4944 108.950882
4945 40.127037
4946 5.832403
4947 189.613327
4948 74.970581
4949 1317.303955
4950 245.654602
4951 8091.407547
4952 29.457872
4953 138.109589
4954 173.371490
4955 14.109653
4956 131.900955
4957 5.789800
4958 953.784180
4959 96.295822
4960 127.626801
4961 19.235767
4962 26.252676
4963 3.578610
4964 338.852356
4965 422.468262
4966 198.935760
4967 569.587341
4968 133.407639
4969 98.754936
4970 56.261566
4971 758.389404
4972 354.027283
4973 493.779114
4974 161.282806
4975 40.568367
4976 340.180847
4977 385.153259
4978 858.161987
4979 58.951691
4980 50.043182
4981 48.764374
4982 7.198757
4983 91.724243
4984 507.877258
4985 2102.492134
4986 497.472443
4987 34.023438
4988 114.395561
4989 40.722588
4990 341.299469
4991 55.161118
4992 513.875244
4993 263.610291
4994 386.086182
4995 165.535980
4996 100.183739
4997 197.056900
4998 123.349655
4999 30.354633
5000 76.748344
5001 120.324417
5002 27.576031
5003 229.747894
5004 57.124828
5005 10601.636506
5006 213.288513
5007 295.861359
5008 248.401367
5009 141.633575
5010 358.352722
5011 117.619766
5012 187.011993
5013 141.762512
5014 30.836147
5015 126.765259
5016 200.823547
5017 23.026276
5018 98.858368
5019 46.048775
5020 21.488560
5021 95.180046
5022 1442.264038
5023 131.163361
5024 292.122192
5025 128.615387
5026 76.250130
5027 205.162018
5028 114.579559
5029 184.421936
5030 868.929321
5031 32.586723
5032 218.330292
5033 2008.928955
5034 254.320923
5035 298.561584
5036 88.628922
5037 332.247375
5038 1253.228149
5039 7.767426
5040 174.614609
5041 19.533003
5042 29.240726
5043 34.023819
5044 12.679777
5045 263.463135
5046 186.297821
5047 59.415459
5048 154.831726
5049 101.115524
5050 0.166066
5051 188.498703
5052 94.866714
5053 146.903854
5054 34.729218
5055 115.857193
5056 48.285580
5057 2602.898293
5058 13.655269
5059 2182.698767
5060 39.092754
5061 18.903851
5062 352.988190
5063 8878.358374
5064 235.217911
5065 170.992584
5066 72.058243
5067 2964.681534
5068 50.127377
5069 82.110672
5070 81.865906
5071 63.891068
5072 31.583874
5073 22.870552
5074 18.541431
5075 1.551113
5076 318.893799
5077 8.377199
5078 464.563110
5079 136.736710
5080 33.876259
5081 603.624023
5082 23.083115
5083 110.526848
5084 209.779282
5085 314.606628
5086 34.618294
5087 34.446182
5088 132.957993
5089 1.212543
5090 411.473145
5091 102.881744
5092 167.108185
5093 117.894173
5094 1.362836
5095 51.208454
5096 215.150940
5097 817.627380
5098 118.812286
5099 440.684509
5100 268.937683
5101 236.154938
5102 1320.450439
5103 86.215324
5104 73.811661
5105 96.453003
5106 14.656395
5107 266.358459
5108 145.021774
5109 62.121368
