3610 273.231567
3611 198.945480
3612 255.454620
3613 197.191895
3614 344.896210
3615 281.611847
3616 174.472290
3617 46.012760
3618 3966.370349
3619 346.170074
3620 108.508575
3621 482.610107
3622 178.412964
3623 1758.451950
3624 58.636883
3625 654.027710
3626 37.520508
3627 44.952110
3628 11.616370
3629 61.749306
3630 126.407959
3631 30.254650
3632 310.270020
3633 129.544662
3634 289.394897
3635 727.374756
3636 325.357544
3637 452.205933
3638 66.855141
3639 785.052307
3640 272.817688
3641 821.670898
3642 322.526062
3643 56.373070
3644 157.934906
3645 249.944763
3646 1319.052490
3647 57.917923
3648 126.669853
3649 41.094414
3650 428.487000
3651 183.229080
3652 0.797050
3653 99.224716
3654 83.273361
3655 35.953735
3656 122.084442
3657 378.968231
3658 641.040283
3659 143.111389
3660 82.093414
3661 199.967560
3662 3.804115
3663 1137.120850
3664 245.020157
3665 96.624130
3666 9.678280
3667 57.355652
3668 439.558777
3669 9.518924
3670 547.894043
3671 13.281499
3672 71.989891
3673 99.625999
3674 32.859772
3675 489.334656
3676 44.647350
3677 76.462242
3678 237.942078
3679 243.229919
3680 47.018250
3681 170.235352
3682 939.352539
3683 969.570679
3684 27.896851
3685 54.897953
3686 132.606781
3687 104.841270
3688 4.043022
3689 121.755035
3690 121.168777
3691 744.340454
3692 23.889542
3693 47.913940
3694 3457.745429
3695 11.470406
3696 20.258799
3697 127.270294
3698 198.908112
3699 0.583614
3700 343.524231
3701 256.981934
3702 328.996826
3703 147.368469
3704 115.348419
3705 0.696382
3706 472.067841
3707 31.722378
3708 88.947464
3709 141.642883
3710 162.050232
3711 461.677948
3712 1094.149658
3713 108.124641
3714 54.674225
3715 1275.071777
3716 58.929554
3717 11.866821
3718 48.177803
3719 13.283182
3720 125.307663
3721 631.552246
3722 0.268932
3723 8.474914
3724 418.092468
3725 515.524963
3726 11.592190
3727 20.399620
3728 1306.577148
3729 8.756284
3730 116.243942
3731 124.076210
3732 43.612537
3733 28.173056
3734 1014.302734
3735 20.115503
3736 0.108735
3737 46.769295
3738 513.254639
3739 50.552876
3740 161.230316
3741 2013.997864
3742 16.894855
3743 334.795471
3744 134.262802
3745 318.134705
3746 97.532661
3747 0.160841
3748 233.616028
3749 57.347191
3750 270.187805
3751 51.563858
3752 884.885376
3753 592.219299
3754 1484.413940
3755 94.083633
3756 0.296017
3757 0.168713
3758 1249.711060
3759 638.281982
3760 24.802975
3761 12654.397217
3762 244.170715
3763 1280.567505
3764 2.737982
3765 11.303675
3766 20.535368
3767 0.701563
3768 55.291801
3769 1209.322998
3770 954.789673
3771 1132.062134
3772 647.792542
3773 84.762825
3774 633.907166
3775 730.406616
3776 277.548737
3777 8.044811
3778 815.028198
3779 281.897583
3780 388.428467
3781 284.120453
3782 735.701355
3783 4548.385904
3784 20.480259
3785 360.882080
3786 1220.178467
3787 38.472626
3788 2325.208252
3789 16.421288
3790 0.537213
3791 8.790217
3792 448.119263
3793 52.254662
3794 33.382362
3795 2.996411
3796 1263.287354
3797 163.796783
3798 299.726135
3799 11.313367
3800 175.135620
3801 452.792542
3802 46.986168
3803 48.598103
3804 348.676392
3805 560.039429
3806 581.126831
3807 69.838928
3808 170.652863
3809 138.681366
3810 160.156433
3811 2331.875958
3812 13.554958
3813 823.680420
3814 249.759628
3815 96.283501
3816 295.818756
3817 244.826126
3818 533.506958
3819 9.707818
3820 2.003600
3821 618.639160
3822 77.593536
3823 359.434326
3824 150.534698
3825 293.007996
3826 281.303833
3827 28.561893
3828 81.682343
3829 217.995132
3830 38.979366
3831 206.985077
3832 213.160065
3833 30.343319
3834 338.427917
3835 56.580704
3836 280.287354
3837 549.178345
3838 616.642578
3839 164.324432
3840 15.411949
3841 751.572754
3842 33.988953
3843 21.498981
3844 723.182495
3845 116.707016
3846 61.927723
3847 133.756500
3848 3160.937204
3849 162.261230
3850 135.193695
3851 6744.019826
3852 202.771729
3853 65.454071
3854 13.017593
3855 226.738922
3856 201.712860
3857 340.392212
3858 8.570871
3859 57.321869
3860 43.807442
3861 438.046967
3862 14.808374
3863 276.696533
3864 480.747803
3865 46.368126
3866 710.788574
3867 24.848682
3868 16.246750
3869 204.136932
3870 43.911079
3871 3.237251
3872 304.889435
3873 204.112152
3874 189.579163
3875 34.796310
3876 176.151306
3877 88.600861
3878 77.422882
3879 230.909271
3880 251.938156
3881 30.946667
3882 3.491471
3883 236.351379
3884 726.986084
3885 40.429737
3886 30.363443
3887 344.455109
3888 177.942657
3889 65.315315
3890 192.691483
3891 122.471863
3892 665.121338
3893 334.677246
3894 77.011734
3895 32.901093
3896 127.636734
3897 0.063544
3898 150.171204
3899 212.228867
3900 163.206772
3901 63.041073
3902 344.124756
3903 2101.543091
3904 1971.385437
3905 341.587708
3906 79.112167
3907 0.608427
3908 100.389389
3909 443.761749
3910 45.964134
3911 184.375336
3912 137.892792
3913 2783.000098
3914 131.162094
3915 1034.870605
3916 277.775269
3917 39.890236
3918 0.883532
3919 170.849365
3920 108.489784
3921 182.047958
3922 309.164246
3923 155.050430
3924 41.399059
3925 359.638794
3926 560.715698
3927 19.221903
3928 55.886024
3929 142.541229
3930 397.079742
3931 785.162598
3932 2.460258
3933 201.620407
3934 134.921906
3935 47.115326
3936 24.420366
3937 576.277527
3938 1468.202393
3939 153.927887
3940 31.159508
3941 2409.507019
3942 176.269073
3943 37.716137
3944 172.979614
3945 321.334503
3946 1.614696
3947 397.277527
3948 507.627563
3949 905.416931
3950 74.573761
3951 357.771057
3952 601.630188
3953 566.804077
3954 2819.996094
3955 13.967013
3956 19.917614
3957 151.795578
3958 0.132808
3959 113.185760
3960 1092.213745
3961 52.414604
3962 32.834564
3963 64.064499
3964 214.091919
3965 111.001091
3966 11.096371
3967 2.088278
3968 274.078735
3969 242.161255
3970 93.398407
3971 244.405746
3972 90.401421
3973 219.800995
3974 9.043264
3975 841.918152
3976 1436.857788
3977 96.971710
3978 248.442230
3979 424.890900
3980 36.136215
3981 66.283684
3982 50.374081
3983 450.074615
3984 12.420254
3985 20.203981
3986 9.477229
3987 184.386185
3988 879.445679
3989 4924.638065
3990 521.967896
3991 82.307800
3992 477.367096
3993 49.298599
3994 109.412010
3995 76.054413
3996 431.166656
3997 709.679443
3998 38.591305
3999 213.653137
4000 145.306488
4001 177.712753
4002 51.418480
4003 46.166557
4004 442.137695
4005 174.384598
4006 0.290243
4007 287.622284
4008 326.668335
4009 70.202133
4010 179.817932
4011 333.070129
4012 272.893738
4013 40.842709
4014 6.478961
4015 20.049997
4016 199.666962
4017 263.530853
4018 164.103271
4019 129.150223
4020 381.642700
4021 34.215439
4022 324.304626
4023 47.253658
4024 80.337845
4025 293.086487
4026 321.701782
4027 10.510626
4028 35.430550
4029 267.418427
4030 2551.685016
4031 135.783173
4032 82.473488
4033 299.827820
4034 154.792725
4035 436.578888
4036 73.530731
4037 201.279083
4038 93.453506
4039 155.590057
4040 89.801903
4041 1068.368896
4042 101.436646
4043 1346.361084
4044 1412.130615
4045 2.152484
4046 555.805359
4047 113.876259
4048 29.010662
4049 57.104702
4050 175.146698
4051 193.095459
4052 0.185379
4053 79.176849
4054 138.119629
4055 397.446289
4056 584.493164
4057 101.841171
4058 124.983093
4059 372.635315
4060 543.295532
4061 135.108765
4062 0.422504
4063 103.336876
4064 549.411072
4065 10.938131
4066 176.477722
4067 60.994026
4068 81.224030
4069 145.236893
4070 90.222198
4071 324.062988
4072 331.507568
4073 876.377197
4074 88.561844
4075 30.697927
4076 539.471069
4077 16.078953
4078 81.449631
4079 81.581696
4080 204.194733
4081 3.022631
4082 257.009552
4083 15.882399
4084 34.325497
4085 429.269714
4086 365.209991
4087 338.271301
4088 40.127598
4089 15.376731
4090 124.026535
4091 42.162319
4092 17.310163
4093 254.166641
4094 488.250732
4095 99.731857
4096 2442.982382
4097 2377.031952
4098 164.229065
4099 928.074585
4100 279.937744
4101 259.872650
4102 616.438232
4103 2033.744355
4104 1.082897
4105 34.143539
4106 862.397217
4107 344.460693
4108 55.550407
4109 99.750175
4110 49.274086
4111 1173.445068
4112 253.147644
4113 13.146448
4114 113.433792
4115 0.550109
4116 133.671661
4117 133.371674
4118 404.474274
4119 179.879318
4120 92.509453
4121 3.560937
4122 68.183182
4123 262.659668
4124 472.675293
4125 34.773647
4126 474.181885
4127 11.591606
4128 16.510509
4129 0.197023
4130 305.780975
4131 0.317475
4132 248.248352
4133 34.903385
4134 329.434418
4135 2167.838623
4136 20.064400
4137 766.753296
4138 0.104498
4139 0.426252
4140 0.451404
4141 9.549357
4142 176.075012
4143 31.154001
4144 137.330368
4145 279.756226
4146 547.373657
4147 72.019318
4148 104.242485
4149 608.012573
4150 113.415451
4151 61.380993
4152 520.477417
4153 1295.177490
4154 2154.310486
4155 283.441071
4156 229.933380
4157 119.390274
4158 143.407501
4159 7.753403
4160 579.355469
4161 175.796524
4162 226.147629
4163 48.452347
4164 15.235813
4165 225.882782
4166 80.117340
4167 47.030090
4168 2864.958237
4169 0.090990
4170 499.035400
4171 835.851379
4172 132.442200
4173 69.097244
4174 236.921631
4175 694.877991
4176 3001.628346
4177 2462.068604
4178 278.909332
4179 16.435970
4180 0.172437
4181 580.670898
4182 1030.088135
4183 225.950470
4184 108.240005
4185 35.170807
4186 30.618786
4187 75.220810
4188 49.174789
4189 42.238895
4190 136.683731
4191 170.351318
4192 225.101059
4193 162.180756
4194 42.145061
4195 195.928955
4196 99.413689
4197 499.231750
4198 88.224953
4199 768.782471
4200 168.708435
4201 130.709000
4202 31.254486
4203 179.585541
4204 254.676270
4205 40.331913
4206 1.195798
4207 128.313248
4208 120.096794
4209 224.407257
4210 162.906967
4211 145.854492
4212 2708.464760
4213 2.126782
4214 469.976868
4215 64.711189
4216 244.235413
4217 320.132019
4218 27.447062
4219 128.515533
4220 18.483995
4221 525.579346
4222 195.075562
4223 43.765312
4224 39.448723
4225 850.443542
4226 39.175453
4227 272.208679
4228 172.767609
4229 22.371971
4230 98.462402
4231 60.330528
4232 85.408142
4233 130.939484
4234 9.036707
4235 10.334555
4236 1.397941
4237 44.167656
4238 376.350159
4239 147.307999
4240 103.857094
4241 79.364792
4242 182.387512
4243 45.749413
4244 333.967224
4245 38.976990
4246 278.948425
4247 192.815308
4248 75.651459
4249 254.217682
4250 0.740954
4251 165.488953
4252 54.793739
4253 188.749008
4254 4871.250481
4255 304.530640
4256 928.421814
4257 246.383179
4258 16.485649
4259 47.498932
4260 45.726349
4261 0.550059
4262 80.512291
4263 420.707153
4264 3678.317252
4265 83.708702
4266 255.394302
4267 372.392456
4268 960.145630
4269 137.437134
4270 788.724915
4271 33.463039
4272 45.090061
4273 241.987366
4274 60.866802
4275 1889.847870
4276 66.002579
4277 0.623763
4278 15.204018
4279 254.480682
4280 55.852283
4281 608.379639
4282 1325.505615
4283 22.702259
4284 24.265114
4285 1172.423828
4286 62.520222
4287 238.904266
4288 187.767181
4289 235.020996
4290 188.078262
4291 191.367615
4292 12.970871
4293 349.037262
4294 598.066040
4295 80.958794
4296 23.889557
4297 314.995087
4298 129.102371
4299 0.669411
4300 484.059113
4301 70.852173
4302 170.258362
4303 271.225159
4304 1116.479614
4305 289.423676
4306 199.729904
4307 46.679474
4308 108.434052
4309 9.829973
4310 35.775818
4311 481.390686
4312 336.419373
4313 197.940445
4314 8500.095274
4315 327.042786
4316 38.632675
4317 1567.462212
4318 97.829285
4319 4.909171
4320 176.471313
4321 1407.554932
4322 118.218590
4323 170.419067
4324 13.013241
4325 45.347652
4326 2032.872223
4327 630.362122
4328 1056.166016
4329 114.843414
4330 161.713593
4331 731.765747
4332 1024.419678
4333 158.413010
4334 381.171997
4335 45.879295
4336 77.013962
4337 626.234985
4338 261.723419
4339 235.477295
4340 1046.872070
4341 155.754120
4342 484.466919
4343 254.619385
4344 61.873795
4345 1028.056885
4346 6.658793
4347 188.120605
4348 202.449020
4349 1407.568848
4350 116.126617
4351 130.355118
4352 49.157738
4353 19.061665
4354 183.563354
4355 231.844727
4356 444.642731
4357 133.901825
4358 105.451797
4359 209.839127
4360 1368.239136
4361 151.951279
4362 6.958219
4363 626.287354
4364 9.627155
4365 71.449722
4366 906.531982
4367 174.801346
4368 632.854004
4369 108.593643
4370 90.822784
4371 1329.181885
4372 143.323120
4373 73.196518
4374 279.541199
4375 5.995725
4376 10.892599
4377 0.742410
4378 109.505630
4379 444.029236
4380 227.604965
4381 145.040604
4382 161.759140
4383 292.602875
4384 82.693817
4385 1.943637
4386 69.840782
4387 373.248505
4388 109.142235
4389 1305.641602
4390 817.761292
4391 102.549606
4392 9519.190493
4393 221.317047
4394 724.761108
4395 166.513214
4396 73.990929
4397 545.288879
4398 486.206940
4399 0.543717
4400 179.198944
4401 48.043442
4402 115.293243
4403 64.181915
4404 282.456238
4405 554.548218
4406 396.821838
4407 239.162170
4408 230.545609
4409 1562.182181
4410 499.396912
4411 153.769196
4412 95.551834
4413 312.685730
4414 1170.878906
4415 150.240448
4416 166.122040
4417 175.142960
4418 341.047974
4419 99.992271
4420 1064.746460
4421 38.797935
4422 8.661920
4423 73.658699
4424 136.858948
4425 224.964371
4426 334.357971
4427 129.010208
4428 178.559189
4429 1.969511
4430 2.871049
4431 156.435577
4432 325.690796
4433 112.275436
4434 1804.191681
4435 45.109505
4436 4.598598
4437 4579.564667
4438 279.336548
4439 130.318115
4440 0.119364
4441 11.131128
4442 225.085632
4443 38.243397
4444 75.098740
4445 49.555153
4446 256.886383
4447 0.296152
4448 295.824341
4449 83.005013
4450 59.410572
4451 10.958071
4452 259.349854
4453 2956.142153
4454 225.747345
4455 152.074585
4456 7.106102
4457 24.747332
4458 80.876137
4459 17.794912
4460 5394.456604
4461 175.209579
4462 339.427612
4463 3952.804330
4464 383.950684
4465 164.768799
4466 1613.217041
4467 417.996216
4468 12.636505
4469 172.088074
4470 470.080902
4471 90.983109
4472 34.101196
4473 290.633911
4474 160.874100
4475 3416.721878
4476 166.696518
4477 224.015686
4478 116.259247
4479 73.889969
4480 123.027679
4481 1204.105103
4482 745.317139
4483 1909.438643
4484 2140.492081
4485 1415.639404
4486 2.856723
4487 796.856812
4488 426.041260
4489 125.329338
4490 9464.280386
4491 386.172089
4492 0.386979
4493 1798.583282
4494 149.629013
4495 19.816864
4496 292.590973
4497 44.084564
4498 4.732004
4499 189.412170
4500 521.769592
4501 150.198547
4502 159.090805
4503 149.923508
4504 1089.052734
4505 98.790710
4506 23.067909
4507 1340.307251
4508 134.452423
4509 362.006714
4510 646.861572
4511 15.915331
4512 29.898254
4513 540.827393
4514 46.318459
4515 265.166016
4516 161.830597
4517 39.011101
4518 1.440245
4519 88.326530
4520 178.535004
4521 205.728027
4522 84.957611
4523 471.016602
4524 2363.079485
4525 138.992737
4526 261.515961
4527 1647.133728
4528 153.524673
4529 346.519196
4530 247.950043
4531 131.833130
4532 27.741249
4533 111.897690
4534 824.680603
4535 980.195190
4536 202.077911
4537 179.867447
4538 233.914642
4539 191.298935
4540 580.832397
4541 0.252152
4542 328.054749
4543 26.930954
4544 312.581848
4545 27.422102
4546 145.985489
4547 376.277649
4548 1619.442505
4549 206.803406
4550 0.229930
4551 288.999725
4552 262.478455
4553 101.610321
4554 209.786438
4555 18.466076
4556 0.076945
4557 238.003571
4558 17.176620
4559 286.046936
4560 265.483826
4561 62.068008
4562 63.901443
4563 43.115864
4564 167.206421
4565 49.503143
4566 271.723877
4567 58.403839
4568 130.221039
4569 138.041168
4570 642.835510
4571 3.258852
4572 447.612488
4573 25.290205
4574 514.767700
4575 100.270241
4576 536.631836
4577 251.365677
4578 32.892895
4579 28.239708
4580 3603.251266
4581 192.564880
4582 37.427685
4583 6.309046
4584 4035.746935
4585 89.232338
4586 223.003448
4587 2855.456330
4588 77.500282
4589 3.064921
4590 261.355194
4591 182.416580
4592 40.802979
4593 192.635864
4594 291.947388
4595 41.033066
4596 355.035828
4597 11.259454
4598 3013.403793
4599 160.051208
4600 1004.360107
4601 607.125366
4602 155.682083
4603 437.470764
4604 64.353577
4605 749.142334
4606 47.196888
4607 1255.195068
4608 171.420807
4609 13.328173
4610 487.344818
4611 257.715576
4612 534.845459
4613 321.907684
4614 302.816589
4615 1191.002319
4616 16.260492
4617 443.645721
4618 148.082932
4619 352.950317
4620 0.771128
4621 324.530212
4622 357.118530
4623 175.480469
4624 56.814419
4625 119.567642
4626 297.182922
4627 2306.304260
4628 8.625132
4629 174.337021
4630 492.535889
4631 102.028809
4632 64.112541
4633 623.094238
4634 293.632538
4635 94.380333
4636 17.082134
4637 179.793442
4638 38.231251
4639 176.898895
4640 404.708282
4641 324.876007
4642 1353.344238
4643 237.518478
4644 713.432190
4645 2283.655273
4646 142.750900
4647 522.518311
4648 260.447754
4649 0.208112
4650 94.565300
4651 1816.721497
4652 15.982831
4653 400.061829
4654 394.638306
4655 140.976578
4656 110.305122
4657 237.713379
4658 1289.926147
4659 2.024455
4660 463.221985
4661 315.171326
4662 2039.480325
4663 618.198364
4664 27.396969
4665 489.224609
4666 100.590332
4667 147.201050
4668 1934.501609
4669 8130.507889
4670 74.836586
4671 183.469437
4672 37.587151
4673 27.149426
4674 1787.535355
4675 565.356201
4676 18.302891
4677 63.941998
4678 24.001934
4679 146.940109
4680 2.223809
4681 158.803329
4682 115.018425
4683 385.515137
4684 175.565796
4685 74.069839
4686 79.688416
4687 12.369099
4688 69.071533
4689 342.683533
4690 245.214813
4691 183.103378
4692 29.371191
4693 888.758057
4694 30.159058
4695 370.636078
4696 188.591415
4697 32.481823
4698 3.444254
4699 493.135376
4700 381.048553
4701 1436.699463
4702 320.832611
4703 830.805298
4704 47.570145
4705 124.085388
4706 221.024841
4707 47.603245
4708 26.755926
4709 440.859314
4710 138.854034
4711 350.339569
4712 4.889277
4713 103.778931
4714 250.296860
4715 251.352173
4716 262.393311
4717 118.228073
4718 325.728333
4719 195.162994
4720 378.983521
4721 987.798218
4722 427.231506
4723 28.049589
4724 43.346283
4725 577.075439
4726 366.777466
4727 0.915737
4728 510.221802
4729 1.467660
4730 832.963013
4731 156.165771
4732 101.581337
4733 47.725838
4734 3762.488159
4735 62.933308
4736 158.268890
4737 1643.173279
4738 163.036682
4739 65.870987
4740 574.670898
4741 1037.254150
4742 230.973679
4743 94.611351
4744 33.737854
4745 89.775658
4746 50.060753
4747 252.159698
4748 148.881851
4749 435.917969
4750 78.971527
4751 215.222427
4752 773.391235
4753 80.023621
4754 19.838505
4755 3363.083527
4756 336.575623
4757 5694.724365
4758 843.463379
4759 60.754612
4760 398.058167
4761 10.353030
4762 422.190918
4763 3.642738
4764 321.902649
4765 4592.986496
4766 193.154907
4767 81.161362
4768 550.809448
4769 0.934462
4770 124.008469
4771 423.521729
4772 152.248962
4773 44.864403
4774 335.012634
4775 269.111633
4776 38.549568
4777 154.011932
4778 269.481750
4779 207.536621
4780 1411.822998
4781 878.448120
4782 6.850948
4783 90.717773
4784 247.672241
4785 116.617432
4786 286.851105
4787 164.996811
4788 142.318237
4789 32.092751
4790 233.808777
4791 402.764526
4792 891.899902
4793 78.936073
4794 39.764366
4795 206.090607
4796 89.357117
4797 6493.941839
4798 115.365326
4799 85.419952
4800 283.366577
4801 108.260681
4802 397.199097
4803 252.560638
4804 158.563660
4805 2.434728
4806 388.333527
4807 401.438019
4808 266.905579
4809 1169.115967
4810 155.828949
4811 159.772705
4812 103.101471
4813 1178.986694
4814 368.484009
4815 516.261292
4816 213.254745
4817 26.627857
4818 282.813599
4819 850.561096
4820 34.917091
4821 66.659187
4822 510.489807
4823 96.661575
4824 65.070847
4825 14.988380
4826 132.723145
4827 245.158859
4828 129.780716
4829 1278.658569
4830 27.170883
4831 288.044739
4832 762.945679
4833 102.784180
4834 413.926758
4835 55.865700
4836 36.062969
4837 170.497620
4838 88.532776
4839 167.038696
4840 162.239288
4841 411.091888
4842 162.214661
4843 79.534149
4844 239.761581
4845 308.467041
4846 194.465759
4847 82.096146
4848 32.182533
4849 447.429230
4850 217.782745
4851 391.743835
4852 185.396820
4853 784.246094
4854 6.578404
4855 28.438744
4856 309.971191
4857 97.370399
4858 322.232880
4859 622.143677
4860 80.919121
4861 9.438589
4862 114.329239
4863 132.368286
4864 971.957153
4865 102.044044
4866 598.283813
4867 134.775482
4868 168.362625
4869 124.793945
4870 463.258667
4871 448.479980
4872 105.526520
4873 1021.934204
4874 1742.557678
4875 20.398998
4876 1176.982910
4877 504.978943
4878 259.718323
4879 932.516846
4880 698.456238
4881 133.187958
4882 165.616486
4883 144.346710
4884 173.648285
4885 36.956974
4886 166.988556
4887 1.935697
4888 69.162941
4889 13.520205
4890 0.693531
4891 1184.250366
4892 213.095779
4893 381.020813
4894 73.327660
4895 33.388535
4896 10.050062
4897 204.276627
4898 134.930634
4899 85.561447
4900 49.693405
4901 231.866745
4902 580.918701
4903 177.403458
4904 2377.499756
4905 156.483734
4906 57.471931
4907 20.464638
4908 226.666931
4909 112.513611
4910 37.959404
4911 105.259171
4912 440.843811
4913 22.816595
4914 482.601715
4915 19.352562
4916 277.012268
4917 198.171326
4918 30.244148
4919 2633.235291
4920 212.861038
4921 110.695587
4922 209.680206
4923 2487.067993
4924 777.919556
4925 157.534332
4926 68.128914
4927 85.981453
4928 6.009799
4929 217.773956
4930 74.991669
4931 1192.993652
4932 294.628113
4933 612.911743
4934 657.287964
4935 28.080025
4936 362.665741
4937 1252.807617
4938 26.236185
4939 70.578964
4940 28.193289
4941 110.543564
4942 158.802048
4943 0.160232
4944 115.111679
4945 53.970768
4946 3.448364
4947 174.380600
4948 55.365719
4949 1356.054321
4950 263.589417
4951 8614.148804
4952 29.032967
4953 138.298004
4954 176.208832
4955 9.787096
4956 136.671234
4957 2.729521
4958 972.038208
4959 90.247101
4960 120.658127
4961 19.484062
4962 12.593174
4963 0.611420
4964 363.197235
4965 426.308716
4966 204.628906
4967 585.926697
4968 132.362305
4969 95.072586
4970 55.652748
4971 761.356812
4972 354.065613
4973 482.287170
4974 168.321991
4975 46.143959
4976 356.568085
4977 386.353302
4978 887.403198
4979 63.763008
4980 53.512962
4981 48.312195
4982 1.880331
4983 93.656387
4984 540.017578
4985 2211.306999
4986 523.460693
4987 3.052457
4988 120.971741
4989 49.480927
4990 408.739258
4991 54.573395
4992 544.686523
4993 267.016510
4994 434.805847
4995 169.029205
4996 96.887421
4997 213.605942
4998 125.691727
4999 24.678581
5000 72.121063
5001 124.028641
5002 15.054106
5003 231.871948
5004 60.950886
5005 11180.474473
5006 231.334885
5007 303.243011
5008 256.383270
5009 135.995178
5010 363.994476
5011 120.038048
5012 202.701279
5013 148.243271
5014 27.798721
5015 135.134399
5016 200.279846
5017 18.095333
5018 99.766998
5019 49.310791
5020 19.009151
5021 99.981812
5022 1433.525146
5023 128.531952
5024 308.844208
5025 132.319473
5026 73.178253
5027 211.068573
5028 113.716110
5029 190.675797
5030 866.014160
5031 34.042656
5032 228.765045
5033 1970.238342
5034 249.047424
5035 296.516846
5036 76.899521
5037 350.287476
5038 1336.922607
5039 6.558743
5040 183.902039
5041 6.520691
5042 3.286248
5043 31.902542
5044 12.840313
5045 286.298309
5046 196.492142
5047 55.440269
5048 153.668396
5049 106.860779
5050 4.227106
5051 214.644073
5052 108.007980
5053 153.293945
5054 35.283890
5055 96.664764
5056 44.971970
5057 2679.803298
5058 12.785055
5059 2218.161162
5060 42.384251
5061 20.788685
5062 343.452026
5063 8817.722687
5064 231.111099
5065 175.877075
5066 68.788338
5067 2999.615494
5068 52.060009
5069 81.492340
5070 91.144234
5071 77.561569
5072 32.406689
5073 26.470066
5074 18.616734
5075 0.193597
5076 316.411438
5077 4.077674
5078 519.018982
5079 148.807129
5080 33.040855
5081 612.256958
5082 15.833432
5083 121.033821
5084 231.972183
5085 335.130219
5086 30.989088
5087 37.863178
5088 145.029251
5089 1.080107
5090 455.902954
5091 109.976440
5092 158.392242
5093 110.129021
5094 0.434040
5095 58.774887
5096 220.017120
5097 844.179810
5098 113.941422
5099 429.068695
5100 279.171570
5101 248.544632
5102 1418.062744
5103 90.049408
5104 65.550156
5105 92.435020
5106 12.479044
5107 281.369507
5108 139.111877
5109 67.170853
