3610 273.231567
3611 256.138340
3612 255.454620
3613 197.191895
3614 359.575835
3615 243.442044
3616 517.159076
3617 67.837603
3618 3966.370349
3619 329.913815
3620 105.551614
3621 380.940496
3622 178.412964
3623 1758.451950
3624 76.263638
3625 654.027710
3626 39.686342
3627 120.173173
3628 21.956397
3629 65.327991
3630 131.397168
3631 34.311302
3632 310.270020
3633 129.544662
3634 289.394897
3635 727.374756
3636 325.357544
3637 452.205933
3638 70.936444
3639 907.483795
3640 272.817688
3641 894.932175
3642 317.504065
3643 56.373070
3644 157.934906
3645 269.769451
3646 1319.052490
3647 42.672049
3648 126.669853
3649 111.260676
3650 428.487000
3651 171.330315
3652 0.797050
3653 93.962548
3654 83.273361
3655 35.953735
3656 174.513016
3657 378.968231
3658 641.040283
3659 143.008642
3660 82.093414
3661 241.653581
3662 3.804115
3663 1255.447724
3664 292.782596
3665 96.624130
3666 9.678280
3667 57.355652
3668 439.558777
3669 2.186459
3670 547.894043
3671 22.813241
3672 71.989891
3673 99.625999
3674 32.867116
3675 514.219644
3676 44.647350
3677 76.462242
3678 195.746596
3679 243.229919
3680 65.511199
3681 154.236702
3682 929.141226
3683 793.030150
3684 27.896851
3685 54.897953
3686 133.120370
3687 104.841270
3688 4.043022
3689 121.755035
3690 123.644833
3691 744.340454
3692 36.891359
3693 95.580199
3694 3457.745429
3695 11.470406
3696 20.258799
3697 115.820595
3698 198.908112
3699 0.583614
3700 343.668155
3701 256.981934
3702 328.996826
3703 147.438840
3704 115.348419
3705 10.891375
3706 747.818926
3707 31.722378
3708 91.425892
3709 141.642883
3710 162.050232
3711 452.763542
3712 1094.149658
3713 108.124641
3714 54.674225
3715 1345.410039
3716 58.929554
3717 11.866821
3718 48.177803
3719 22.021306
3720 125.307663
3721 631.552246
3722 0.268932
3723 8.474914
3724 560.720281
3725 490.501617
3726 11.048337
3727 27.360893
3728 1630.780161
3729 8.756284
3730 123.928557
3731 124.076210
3732 43.612537
3733 38.281778
3734 1014.302734
3735 20.115503
3736 0.108735
3737 53.584404
3738 513.254639
3739 67.244701
3740 161.230316
3741 2013.997864
3742 16.894855
3743 334.795471
3744 93.181099
3745 318.134705
3746 104.788480
3747 2.222587
3748 239.359588
3749 53.233719
3750 270.187805
3751 57.452136
3752 921.847489
3753 753.364162
3754 1494.306202
3755 94.083633
3756 0.296017
3757 2.137835
3758 1247.742065
3759 638.281982
3760 43.409156
3761 12654.397217
3762 229.129765
3763 2570.738049
3764 26.274881
3765 11.303675
3766 27.540733
3767 392.054727
3768 55.291801
3769 2577.913895
3770 954.789673
3771 1132.062134
3772 762.611629
3773 87.941350
3774 633.907166
3775 626.886602
3776 277.548737
3777 22.379496
3778 815.028198
3779 275.621544
3780 404.539235
3781 320.318141
3782 735.701355
3783 4548.385904
3784 24.764998
3785 360.882080
3786 1220.178467
3787 38.472626
3788 2325.208252
3789 16.421288
3790 5889.140440
3791 8.790217
3792 448.119263
3793 52.254662
3794 67.443150
3795 2.996411
3796 1106.431046
3797 158.364871
3798 299.726135
3799 11.313367
3800 173.381740
3801 452.792542
3802 46.986168
3803 48.598103
3804 1250.892021
3805 560.039429
3806 545.215932
3807 179.536766
3808 170.652863
3809 138.681366
3810 160.156433
3811 2331.875958
3812 13.554958
3813 886.462200
3814 249.759628
3815 95.666775
3816 295.818756
3817 244.826126
3818 533.506958
3819 9.707818
3820 2.003600
3821 618.639160
3822 72.832940
3823 304.196004
3824 155.553195
3825 266.267825
3826 360.500188
3827 33.691378
3828 77.947177
3829 211.856217
3830 42.977697
3831 206.985077
3832 179.503657
3833 30.343319
3834 333.199400
3835 53.741217
3836 280.287354
3837 549.178345
3838 616.642578
3839 241.764474
3840 15.411949
3841 870.974418
3842 33.988953
3843 40.155380
3844 723.182495
3845 116.707016
3846 62.882452
3847 133.756500
3848 3160.937204
3849 121.545642
3850 121.594826
3851 6744.019826
3852 202.771729
3853 64.856611
3854 13.017593
3855 565.853796
3856 225.929073
3857 311.889323
3858 15.387935
3859 57.321869
3860 51.932033
3861 520.991293
3862 14.808374
3863 276.874552
3864 426.150413
3865 38.965317
3866 710.788574
3867 27.214108
3868 16.246750
3869 197.284847
3870 73.515040
3871 3.237251
3872 304.889435
3873 243.979598
3874 189.579163
3875 37.727200
3876 150.938898
3877 88.600861
3878 90.299656
3879 250.015827
3880 245.101283
3881 78.667519
3882 3.491471
3883 202.131615
3884 726.986084
3885 40.429737
3886 30.363443
3887 344.455109
3888 186.941652
3889 75.278954
3890 192.691483
3891 122.471863
3892 665.121338
3893 438.145731
3894 77.011734
3895 32.901093
3896 127.636734
3897 0.063544
3898 246.062920
3899 223.299170
3900 163.206772
3901 91.168925
3902 344.124756
3903 2101.543091
3904 1971.385437
3905 341.587708
3906 78.722935
3907 0.608427
3908 107.280177
3909 451.230786
3910 45.964134
3911 184.375336
3912 129.971870
3913 2783.000098
3914 209.418718
3915 744.626931
3916 233.155786
3917 39.890236
3918 7.629944
3919 170.849365
3920 177.540209
3921 184.995893
3922 309.164246
3923 168.960194
3924 41.399059
3925 348.374925
3926 560.715698
3927 19.221903
3928 51.221825
3929 142.541229
3930 406.341967
3931 724.411248
3932 2.460258
3933 213.249479
3934 162.790157
3935 47.115326
3936 33.380445
3937 555.782339
3938 1468.202393
3939 153.927887
3940 31.159508
3941 2409.507019
3942 176.269073
3943 37.716137
3944 172.979614
3945 345.926594
3946 1.614696
3947 370.265775
3948 507.627563
3949 905.416931
3950 76.270560
3951 357.771057
3952 601.630188
3953 566.804077
3954 2819.996094
3955 20.307875
3956 27.436729
3957 152.561585
3958 0.132808
3959 113.185760
3960 1092.213745
3961 36.804087
3962 21.594338
3963 68.300846
3964 214.091919
3965 143.108519
3966 11.096371
3967 2.088278
3968 273.726057
3969 275.214543
3970 93.398407
3971 244.405746
3972 221.525358
3973 219.800995
3974 9.043264
3975 835.907073
3976 1582.038164
3977 96.971710
3978 248.442230
3979 394.686540
3980 36.136215
3981 66.283684
3982 51.892349
3983 450.074615
3984 12.420254
3985 21.643349
3986 9.477229
3987 171.314393
3988 879.445679
3989 4924.638065
3990 521.967896
3991 73.587426
3992 528.922031
3993 49.298599
3994 116.461300
3995 73.205729
3996 431.166656
3997 709.679443
3998 38.591305
3999 136.701064
4000 145.306488
4001 177.712753
4002 51.418480
4003 46.166557
4004 442.137695
4005 174.384598
4006 0.290243
4007 311.427331
4008 340.364639
4009 70.202133
4010 179.817932
4011 333.070129
4012 269.213978
4013 40.842709
4014 17.140801
4015 24.184117
4016 254.143311
4017 263.530853
4018 164.103271
4019 133.581612
4020 381.642700
4021 46.051375
4022 324.304626
4023 47.253658
4024 499.033875
4025 261.160342
4026 321.701782
4027 10.510626
4028 35.430550
4029 233.306198
4030 2551.685016
4031 223.932206
4032 82.473488
4033 282.935880
4034 150.759114
4035 436.578888
4036 159.291227
4037 201.279083
4038 354.537048
4039 184.879812
4040 89.801903
4041 1068.368896
4042 128.787590
4043 1346.361084
4044 1773.272839
4045 34.823551
4046 555.805359
4047 113.876259
4048 152.849348
4049 65.263339
4050 175.146698
4051 191.586556
4052 0.185379
4053 90.177592
4054 409.420901
4055 361.498354
4056 584.493164
4057 110.995923
4058 126.667282
4059 372.635315
4060 497.940057
4061 154.314383
4062 17.470469
4063 103.336876
4064 549.411072
4065 10.938131
4066 189.150221
4067 60.994026
4068 80.435741
4069 157.286615
4070 90.222198
4071 324.062988
4072 302.074495
4073 876.377197
4074 82.630886
4075 56.931765
4076 502.741130
4077 0.812764
4078 81.449631
4079 76.181660
4080 211.033391
4081 3.022631
4082 231.076418
4083 18.455766
4084 34.411399
4085 429.269714
4086 463.831367
4087 420.920944
4088 70.967692
4089 15.376731
4090 108.698302
4091 42.162319
4092 17.310163
4093 233.837904
4094 879.636364
4095 99.731857
4096 2442.982382
4097 2377.031952
4098 155.248093
4099 928.074585
4100 279.937744
4101 259.872650
4102 616.438232
4103 2033.744355
4104 1.082897
4105 34.143539
4106 862.397217
4107 333.394520
4108 61.797732
4109 99.620616
4110 49.274086
4111 1175.037287
4112 341.128376
4113 13.146448
4114 157.526858
4115 0.550109
4116 133.671661
4117 195.537413
4118 404.474274
4119 179.879318
4120 162.671042
4121 19.736425
4122 68.183182
4123 364.549679
4124 456.676279
4125 33.183185
4126 449.081475
4127 11.591606
4128 7.477327
4129 14.622392
4130 295.767723
4131 0.317475
4132 248.248352
4133 34.903385
4134 329.434418
4135 2167.838623
4136 20.064400
4137 785.724336
4138 0.104498
4139 0.426252
4140 0.451404
4141 9.549357
4142 176.075012
4143 31.154001
4144 137.330368
4145 265.638102
4146 811.588207
4147 71.298733
4148 118.308882
4149 608.012573
4150 113.415451
4151 61.380993
4152 556.438002
4153 1295.177490
4154 2154.310486
4155 283.441071
4156 229.933380
4157 126.210910
4158 143.407501
4159 22.333081
4160 1019.600429
4161 175.796524
4162 284.164220
4163 47.153257
4164 20.349075
4165 225.882782
4166 54.149425
4167 47.030090
4168 2864.958237
4169 0.090990
4170 480.040659
4171 835.851379
4172 132.442200
4173 66.954965
4174 236.921631
4175 682.699646
4176 3001.628346
4177 2462.068604
4178 278.909332
4179 16.435970
4180 2.568513
4181 580.670898
4182 1071.901590
4183 203.658534
4184 60.661907
4185 35.170807
4186 33.931129
4187 75.220810
4188 41.681792
4189 42.238895
4190 136.683731
4191 193.459637
4192 224.157357
4193 162.180756
4194 42.145061
4195 195.928955
4196 93.500728
4197 499.231750
4198 82.414559
4199 768.782471
4200 168.708435
4201 107.465616
4202 38.924737
4203 200.620567
4204 276.777932
4205 40.331913
4206 1.195798
4207 128.313248
4208 120.096794
4209 224.407257
4210 162.906967
4211 145.854492
4212 2708.464760
4213 2.126782
4214 455.851610
4215 64.711189
4216 218.142456
4217 320.132019
4218 27.447062
4219 186.962507
4220 18.483995
4221 470.366988
4222 195.075562
4223 43.765312
4224 39.448723
4225 850.443542
4226 50.739399
4227 272.208679
4228 172.846074
4229 22.371971
4230 98.462402
4231 60.330528
4232 115.837494
4233 130.939484
4234 17.693646
4235 10.334555
4236 3.883887
4237 44.167656
4238 376.350159
4239 147.307999
4240 103.857094
4241 79.364792
4242 182.387512
4243 45.749413
4244 332.849360
4245 38.976990
4246 278.948425
4247 225.599693
4248 108.059695
4249 188.158900
4250 0.740954
4251 165.488953
4252 62.944377
4253 188.749008
4254 4871.250481
4255 304.530640
4256 928.421814
4257 246.383179
4258 44.115638
4259 47.498932
4260 45.726349
4261 0.550059
4262 82.136373
4263 392.604522
4264 3678.317252
4265 130.927699
4266 227.380648
4267 372.392456
4268 960.145630
4269 137.437134
4270 859.315797
4271 106.397155
4272 44.561112
4273 229.760299
4274 60.866802
4275 1889.847870
4276 67.842392
4277 15.726975
4278 15.204018
4279 261.768657
4280 55.852283
4281 607.988204
4282 1325.505615
4283 29.950752
4284 44.725047
4285 1172.423828
4286 65.962075
4287 238.904266
4288 187.767181
4289 272.169112
4290 188.078262
4291 191.367615
4292 12.970871
4293 343.703906
4294 598.066040
4295 80.958794
4296 23.889557
4297 325.396735
4298 144.790509
4299 0.669411
4300 484.059113
4301 75.149693
4302 170.258362
4303 271.225159
4304 1116.479614
4305 289.423676
4306 201.753050
4307 46.679474
4308 108.434052
4309 9.829973
4310 39.862135
4311 481.390686
4312 511.953291
4313 284.249184
4314 8500.095274
4315 341.937343
4316 89.475425
4317 1567.462212
4318 96.939022
4319 4.909171
4320 176.471313
4321 1407.554932
4322 118.218590
4323 167.238287
4324 13.013241
4325 47.232713
4326 2032.872223
4327 707.483623
4328 1056.166016
4329 99.699660
4330 157.654553
4331 731.765747
4332 1014.086299
4333 148.033521
4334 381.171997
4335 68.335588
4336 77.013962
4337 626.234985
4338 255.229687
4339 349.689190
4340 1006.769752
4341 153.291329
4342 430.757942
4343 242.247416
4344 86.815598
4345 1028.056885
4346 6.658793
4347 188.120605
4348 202.449020
4349 1636.707767
4350 116.126617
4351 130.355118
4352 49.157738
4353 19.061665
4354 183.563354
4355 259.555993
4356 444.642731
4357 133.901825
4358 105.451797
4359 230.763957
4360 1368.239136
4361 151.951279
4362 6.958219
4363 1107.032974
4364 2.190153
4365 77.790880
4366 906.531982
4367 180.196401
4368 650.918068
4369 102.524993
4370 90.822784
4371 1089.738537
4372 143.501513
4373 87.458156
4374 285.453386
4375 5.995725
4376 70.985328
4377 11.326367
4378 118.364187
4379 444.029236
4380 227.604965
4381 145.040604
4382 161.759140
4383 353.140098
4384 82.693817
4385 1.943637
4386 83.956253
4387 360.799612
4388 125.981560
4389 1305.641602
4390 817.761292
4391 102.549606
4392 9519.190493
4393 221.317047
4394 797.474070
4395 190.152056
4396 133.565599
4397 648.483404
4398 486.206940
4399 0.543717
4400 186.413696
4401 48.043442
4402 115.293243
4403 102.157980
4404 282.456238
4405 554.548218
4406 765.757183
4407 239.162170
4408 230.545609
4409 1562.182181
4410 499.396912
4411 175.383717
4412 95.551834
4413 157.276415
4414 927.009117
4415 150.240448
4416 184.090569
4417 175.142960
4418 341.047974
4419 99.992271
4420 1064.746460
4421 46.112533
4422 8.661920
4423 99.969735
4424 136.858948
4425 224.964371
4426 312.251442
4427 129.010208
4428 178.559189
4429 1.969511
4430 8.601134
4431 186.549933
4432 357.720326
4433 112.275436
4434 1804.191681
4435 45.109505
4436 4.598598
4437 4579.564667
4438 279.336548
4439 173.362235
4440 2.871502
4441 192.367916
4442 225.085632
4443 38.243397
4444 75.098740
4445 56.355136
4446 256.886383
4447 0.296152
4448 295.824341
4449 89.852376
4450 59.410572
4451 22.180602
4452 274.653888
4453 2956.142153
4454 299.141080
4455 152.074585
4456 7.106102
4457 36.019196
4458 80.876137
4459 20.919804
4460 5394.456604
4461 175.209579
4462 339.427612
4463 3952.804330
4464 383.950684
4465 164.768799
4466 1613.217041
4467 358.192403
4468 54.004210
4469 287.162622
4470 470.080902
4471 90.983109
4472 34.101196
4473 290.633911
4474 147.597638
4475 3416.721878
4476 166.696518
4477 337.761292
4478 116.259247
4479 73.889969
4480 123.027679
4481 1218.332102
4482 745.317139
4483 1909.438643
4484 2140.492081
4485 1415.639404
4486 2.856723
4487 997.267511
4488 444.380790
4489 113.671319
4490 9464.280386
4491 306.234807
4492 2.718474
4493 1798.583282
4494 193.795236
4495 19.816864
4496 265.410215
4497 44.084564
4498 4.732004
4499 185.621491
4500 717.234128
4501 150.198547
4502 159.090805
4503 161.978626
4504 1123.851389
4505 121.905832
4506 29.791845
4507 1241.478909
4508 134.452423
4509 599.985980
4510 646.861572
4511 93.080290
4512 29.898254
4513 540.827393
4514 46.318459
4515 265.166016
4516 161.830597
4517 39.011101
4518 1.440245
4519 88.326530
4520 178.535004
4521 168.276904
4522 93.404711
4523 439.767926
4524 2363.079485
4525 138.992737
4526 261.515961
4527 1647.133728
4528 153.524673
4529 346.519196
4530 234.222724
4531 144.888882
4532 38.717795
4533 111.897690
4534 1186.782757
4535 980.195190
4536 147.562589
4537 179.867447
4538 280.340880
4539 191.298935
4540 462.415995
4541 0.252152
4542 416.613691
4543 35.493432
4544 312.581848
4545 27.422102
4546 145.985489
4547 424.352217
4548 1619.442505
4549 197.685532
4550 1.355279
4551 288.999725
4552 246.909780
4553 104.391701
4554 209.786438
4555 29.306086
4556 0.076945
4557 206.286644
4558 17.176620
4559 563.670928
4560 265.483826
4561 62.068008
4562 63.901443
4563 43.818316
4564 167.206421
4565 51.277274
4566 271.723877
4567 70.079706
4568 130.221039
4569 132.345638
4570 778.480498
4571 3.258852
4572 646.411558
4573 25.290205
4574 514.767700
4575 128.392489
4576 548.031036
4577 251.365677
4578 38.022926
4579 32.407676
4580 3603.251266
4581 192.564880
4582 29.966925
4583 7.013751
4584 4035.746935
4585 89.232338
4586 248.349369
4587 2855.456330
4588 77.500282
4589 3.064921
4590 261.355194
4591 184.563937
4592 42.857751
4593 192.635864
4594 314.411559
4595 41.033066
4596 355.035828
4597 11.259454
4598 3013.403793
4599 160.051208
4600 981.069783
4601 607.125366
4602 155.682083
4603 437.470764
4604 64.353577
4605 1153.584109
4606 50.753197
4607 1255.195068
4608 171.420807
4609 21.519979
4610 487.344818
4611 247.115379
4612 552.580043
4613 344.375637
4614 294.033962
4615 1603.405744
4616 16.260492
4617 443.645721
4618 148.082932
4619 388.979798
4620 0.771128
4621 324.530212
4622 347.903381
4623 175.480469
4624 55.581570
4625 122.556925
4626 325.513492
4627 2306.304260
4628 7.871825
4629 170.758935
4630 540.341624
4631 91.906185
4632 64.112541
4633 623.094238
4634 324.704678
4635 103.458087
4636 17.082134
4637 175.316796
4638 38.231251
4639 176.898895
4640 404.708282
4641 324.876007
4642 1353.344238
4643 311.629238
4644 725.947819
4645 2283.655273
4646 156.016626
4647 501.084674
4648 260.447754
4649 0.208112
4650 94.565300
4651 1816.721497
4652 21.579923
4653 392.598913
4654 394.638306
4655 117.753051
4656 143.539311
4657 237.713379
4658 1289.926147
4659 2.024455
4660 479.898728
4661 358.077248
4662 2039.480325
4663 658.525259
4664 27.396969
4665 489.224609
4666 159.832991
4667 154.279067
4668 1934.501609
4669 8130.507889
4670 74.836586
4671 183.469437
4672 53.292895
4673 45.903932
4674 1787.535355
4675 570.863186
4676 51.783516
4677 143.383971
4678 24.001934
4679 133.356599
4680 42.499606
4681 158.803329
4682 115.018425
4683 402.676231
4684 197.786013
4685 81.512802
4686 79.688416
4687 12.369099
4688 130.490985
4689 342.683533
4690 343.061048
4691 183.103378
4692 39.444115
4693 888.758057
4694 30.159058
4695 376.832655
4696 153.016309
4697 38.460549
4698 3.444254
4699 493.135376
4700 381.048553
4701 4166.688858
4702 320.832611
4703 830.805298
4704 55.778958
4705 141.422972
4706 269.417688
4707 47.603245
4708 33.521370
4709 419.925256
4710 138.854034
4711 331.947279
4712 4.889277
4713 103.778931
4714 288.505264
4715 251.352173
4716 273.948612
4717 190.567952
4718 326.899991
4719 198.790630
4720 378.983521
4721 1030.581262
4722 427.231506
4723 28.049589
4724 43.346283
4725 501.675673
4726 330.544244
4727 0.915737
4728 510.221802
4729 3.785152
4730 1048.605870
4731 158.895368
4732 104.651012
4733 55.880738
4734 3762.488159
4735 65.968570
4736 176.802804
4737 1643.173279
4738 173.985402
4739 76.738619
4740 574.670898
4741 976.706880
4742 239.791154
4743 72.508519
4744 33.662304
4745 89.775658
4746 62.518864
4747 249.276320
4748 148.881851
4749 435.751700
4750 67.729587
4751 407.868852
4752 773.391235
4753 84.340325
4754 19.838505
4755 3363.083527
4756 327.480300
4757 5694.724365
4758 1075.146742
4759 57.321421
4760 424.332501
4761 10.353030
4762 422.190918
4763 3.642738
4764 321.902649
4765 4592.986496
4766 193.154907
4767 81.161362
4768 550.809448
4769 0.934462
4770 113.052860
4771 445.520268
4772 156.741267
4773 49.072389
4774 326.310826
4775 279.160611
4776 49.340300
4777 154.011932
4778 269.481750
4779 234.167369
4780 1411.822998
4781 878.448120
4782 6.850948
4783 164.438375
4784 260.070898
4785 107.034529
4786 286.851105
4787 164.996811
4788 142.318237
4789 32.092751
4790 233.808777
4791 402.764526
4792 891.899902
4793 78.936073
4794 53.520717
4795 206.090607
4796 120.802538
4797 6493.941839
4798 127.327798
4799 176.808045
4800 283.366577
4801 119.953264
4802 400.127985
4803 252.560638
4804 155.246865
4805 7.870671
4806 421.002501
4807 377.490905
4808 508.381552
4809 1151.873753
4810 146.366778
4811 175.460722
4812 157.667078
4813 1178.986694
4814 368.484009
4815 1214.507069
4816 192.746346
4817 26.627857
4818 321.519610
4819 987.298658
4820 47.425007
4821 61.663546
4822 510.489807
4823 97.591287
4824 74.462961
4825 20.475711
4826 117.781638
4827 252.733611
4828 129.780716
4829 1575.468476
4830 33.896124
4831 272.500223
4832 762.945679
4833 102.784180
4834 412.884050
4835 55.865700
4836 50.485157
4837 170.497620
4838 88.532776
4839 167.038696
4840 148.645504
4841 418.822015
4842 193.234455
4843 79.534149
4844 245.952385
4845 308.467041
4846 194.465759
4847 125.501894
4848 15.079091
4849 509.313232
4850 177.464944
4851 388.980663
4852 114.784341
4853 600.914900
4854 104.495013
4855 38.705471
4856 309.971191
4857 109.062448
4858 319.491149
4859 622.143677
4860 80.919121
4861 9.438589
4862 157.252836
4863 132.368286
4864 971.957153
4865 102.044044
4866 712.779521
4867 134.775482
4868 168.362625
4869 124.793945
4870 463.258667
4871 448.479980
4872 105.526520
4873 1350.382294
4874 1742.557678
4875 20.398998
4876 1475.405246
4877 537.500340
4878 259.718323
4879 949.527697
4880 726.070348
4881 147.838416
4882 165.616486
4883 144.346710
4884 172.771040
4885 54.687163
4886 169.677531
4887 18.627641
4888 69.162941
4889 13.520205
4890 0.693531
4891 1252.738455
4892 213.095779
4893 381.020813
4894 73.327660
4895 33.388535
4896 10.050062
4897 204.276627
4898 125.748510
4899 85.561447
4900 49.693405
4901 231.866745
4902 718.029457
4903 181.862971
4904 2377.499756
4905 156.483734
4906 57.471931
4907 23.192342
4908 226.666931
4909 112.513611
4910 40.119503
4911 105.259171
4912 366.727964
4913 22.816595
4914 540.238075
4915 94.246399
4916 349.918622
4917 205.257286
4918 30.244148
4919 2633.235291
4920 184.255183
4921 94.162157
4922 245.865154
4923 2487.067993
4924 798.403002
4925 157.534332
4926 68.128914
4927 85.981453
4928 16.373489
4929 265.496823
4930 95.956155
4931 1401.227962
4932 234.869644
4933 1064.914595
4934 657.287964
4935 28.080025
4936 362.665741
4937 1252.807617
4938 30.387824
4939 70.578964
4940 32.497774
4941 135.853549
4942 158.802048
4943 0.160232
4944 115.111679
4945 53.970768
4946 3.448364
4947 174.380600
4948 96.667171
4949 1476.777329
4950 263.589417
4951 8614.148804
4952 29.032967
4953 141.561030
4954 191.688541
4955 18.141283
4956 136.671234
4957 2.729521
4958 1066.832800
4959 90.247101
4960 137.353451
4961 18.556857
4962 48.996738
4963 0.611420
4964 363.197235
4965 426.308716
4966 206.280949
4967 585.926697
4968 132.362305
4969 95.072586
4970 55.652748
4971 848.444543
4972 354.065613
4973 470.574232
4974 168.321991
4975 68.168198
4976 356.568085
4977 406.486975
4978 887.403198
4979 63.763008
4980 58.893953
4981 51.456150
4982 27.110789
4983 91.254461
4984 540.017578
4985 2211.306999
4986 523.460693
4987 3.052457
4988 120.971741
4989 49.480927
4990 388.240655
4991 73.149790
4992 552.992238
4993 260.219206
4994 434.805847
4995 169.029205
4996 96.887421
4997 186.166150
4998 125.691727
4999 28.809304
5000 106.163056
5001 125.912924
5002 15.054106
5003 264.061793
5004 68.627636
5005 11180.474473
5006 231.334885
5007 269.145234
5008 239.600812
5009 135.995178
5010 332.656034
5011 129.511833
5012 202.701279
5013 154.960235
5014 27.798721
5015 143.571599
5016 200.279846
5017 18.095333
5018 115.311174
5019 49.310791
5020 21.927641
5021 90.395013
5022 1210.959536
5023 170.129573
5024 339.007764
5025 132.319473
5026 73.178253
5027 211.068573
5028 113.716110
5029 190.675797
5030 866.014160
5031 34.042656
5032 228.765045
5033 1970.238342
5034 249.047424
5035 296.516846
5036 72.230129
5037 350.287476
5038 1333.608834
5039 25.636363
5040 174.119773
5041 9.167474
5042 3.286248
5043 36.715790
5044 24.785390
5045 367.906398
5046 196.492142
5047 50.362066
5048 153.668396
5049 106.860779
5050 4.227106
5051 249.119116
5052 140.405821
5053 153.293945
5054 35.283890
5055 81.049095
5056 44.971970
5057 2679.803298
5058 12.785055
5059 2218.161162
5060 35.605676
5061 20.788685
5062 329.256989
5063 8817.722687
5064 231.111099
5065 174.090017
5066 79.569699
5067 2999.615494
5068 52.060009
5069 81.492340
5070 189.324140
5071 60.294801
5072 32.406689
5073 26.470066
5074 92.907009
5075 0.193597
5076 316.411438
5077 4.077674
5078 519.018982
5079 148.807129
5080 38.463541
5081 612.256958
5082 15.833432
5083 108.379426
5084 231.972183
5085 335.130219
5086 53.138737
5087 37.863178
5088 145.029251
5089 1.080107
5090 476.165838
5091 109.976440
5092 158.392242
5093 117.642948
5094 0.434040
5095 58.774887
5096 296.987666
5097 780.435287
5098 110.865268
5099 380.664663
5100 319.387288
5101 225.209362
5102 1746.067594
5103 108.290874
5104 65.550156
5105 96.810977
5106 12.479044
5107 281.369507
5108 119.671540
5109 67.170853
