3610 262.000000
3611 164.000000
3612 263.000000
3613 187.000000
3614 316.000000
3615 297.000000
3616 610.000000
3617 13.000000
3618 4180.000000
3619 299.000000
3620 72.000000
3621 368.000000
3622 145.000000
3623 1792.000000
3624 85.000000
3625 638.000000
3626 19.000000
3627 45.000000
3628 2.000000
3629 53.000000
3630 109.000000
3631 5.000000
3632 265.000000
3633 117.500000
3634 265.000000
3635 748.000000
3636 290.000000
3637 435.000000
3638 26.000000
3639 848.000000
3640 301.000000
3641 793.000000
3642 320.000000
3643 57.000000
3644 149.000000
3645 239.000000
3646 1346.000000
3647 6.000000
3648 129.000000
3649 41.000000
3650 387.000000
3651 158.000000
3652 20.000000
3653 88.000000
3654 71.000000
3655 33.750000
3656 150.000000
3657 398.000000
3658 693.000000
3659 105.000000
3660 77.500000
3661 33.000000
3662 3.000000
3663 1102.000000
3664 271.000000
3665 120.000000
3666 6.000000
3667 52.000000
3668 390.000000
3669 1.000000
3670 453.000000
3671 227.000000
3672 62.250000
3673 91.250000
3674 25.000000
3675 526.000000
3676 39.750000
3677 61.000000
3678 88.000000
3679 229.000000
3680 32.000000
3681 98.000000
3682 92.000000
3683 750.000000
3684 27.500000
3685 48.000000
3686 57.000000
3687 93.500000
3688 6.000000
3689 109.250000
3690 132.000000
3691 823.000000
3692 4.000000
3693 112.000000
3694 3464.000000
3695 7.000000
3696 16.000000
3697 89.000000
3698 172.000000
3699 19.000000
3700 318.000000
3701 256.000000
3702 335.000000
3703 147.000000
3704 111.000000
3705 7.000000
3706 292.000000
3707 34.000000
3708 87.000000
3709 138.250000
3710 148.000000
3711 413.000000
3712 1040.000000
3713 90.000000
3714 61.000000
3715 1378.000000
3716 53.000000
3717 0.000000
3718 53.000000
3719 7.000000
3720 123.000000
3721 663.000000
3722 2.000000
3723 7.000000
3724 329.250000
3725 462.000000
3726 1.000000
3727 20.000000
3728 1594.000000
3729 4.000000
3730 98.000000
3731 113.000000
3732 184.750000
3733 11.000000
3734 1086.000000
3735 12.000000
3736 0.000000
3737 38.000000
3738 625.000000
3739 46.000000
3740 158.000000
3741 2162.000000
3742 15.000000
3743 346.000000
3744 6.000000
3745 249.000000
3746 76.000000
3747 3.000000
3748 113.000000
3749 36.000000
3750 262.000000
3751 57.000000
3752 885.000000
3753 416.000000
3754 1639.000000
3755 93.000000
3756 10.000000
3757 0.000000
3758 1232.000000
3759 728.000000
3760 32.000000
3761 11281.000000
3762 186.000000
3763 2408.000000
3764 1.000000
3765 8.000000
3766 17.000000
3767 2532.000000
3768 37.000000
3769 2094.000000
3770 979.000000
3771 1125.000000
3772 699.000000
3773 15.000000
3774 690.000000
3775 601.000000
3776 209.000000
3777 0.000000
3778 1020.000000
3779 234.000000
3780 171.000000
3781 237.000000
3782 673.000000
3783 4865.000000
3784 18.000000
3785 342.000000
3786 1252.000000
3787 12.000000
3788 2256.000000
3789 8.000000
3790 9689.000000
3791 0.250000
3792 432.000000
3793 52.000000
3794 51.000000
3795 4.000000
3796 1101.000000
3797 55.000000
3798 226.000000
3799 163.000000
3800 158.000000
3801 434.000000
3802 32.500000
3803 40.000000
3804 2097.000000
3805 537.000000
3806 478.000000
3807 95.000000
3808 174.000000
3809 130.250000
3810 132.000000
3811 2436.000000
3812 13.000000
3813 879.000000
3814 216.000000
3815 81.000000
3816 265.000000
3817 237.000000
3818 504.000000
3819 9.250000
3820 332.000000
3821 573.000000
3822 2.000000
3823 315.000000
3824 151.000000
3825 136.000000
3826 326.000000
3827 25.000000
3828 78.000000
3829 218.000000
3830 4.000000
3831 182.000000
3832 34.000000
3833 23.000000
3834 226.000000
3835 35.000000
3836 258.000000
3837 572.000000
3838 563.000000
3839 36.000000
3840 15.000000
3841 642.000000
3842 28.000000
3843 6.000000
3844 818.000000
3845 115.000000
3846 24.000000
3847 112.000000
3848 2882.000000
3849 114.000000
3850 89.000000
3851 6244.000000
3852 304.000000
3853 69.000000
3854 12.000000
3855 553.000000
3856 213.000000
3857 303.000000
3858 0.000000
3859 55.500000
3860 24.000000
3861 333.000000
3862 13.000000
3863 191.000000
3864 346.000000
3865 24.000000
3866 748.000000
3867 3.000000
3868 22.500000
3869 130.000000
3870 50.000000
3871 38.000000
3872 290.000000
3873 237.000000
3874 172.000000
3875 34.000000
3876 155.000000
3877 90.000000
3878 88.000000
3879 175.000000
3880 170.000000
3881 29.000000
3882 1.250000
3883 271.000000
3884 698.000000
3885 37.750000
3886 22.000000
3887 303.000000
3888 172.000000
3889 16.000000
3890 195.000000
3891 130.000000
3892 560.000000
3893 365.000000
3894 56.250000
3895 33.000000
3896 125.000000
3897 0.250000
3898 243.000000
3899 188.000000
3900 154.000000
3901 74.000000
3902 331.000000
3903 1889.000000
3904 1890.000000
3905 352.000000
3906 62.000000
3907 4.000000
3908 82.000000
3909 447.000000
3910 28.000000
3911 143.000000
3912 101.000000
3913 2796.000000
3914 182.000000
3915 739.000000
3916 73.000000
3917 35.000000
3918 5.000000
3919 147.000000
3920 55.000000
3921 176.000000
3922 309.000000
3923 163.000000
3924 20.000000
3925 325.000000
3926 494.000000
3927 19.000000
3928 52.000000
3929 147.000000
3930 379.000000
3931 695.000000
3932 0.000000
3933 210.000000
3934 90.000000
3935 36.000000
3936 5.000000
3937 557.000000
3938 1560.000000
3939 155.000000
3940 24.000000
3941 2285.000000
3942 137.000000
3943 38.000000
3944 115.750000
3945 297.000000
3946 4.000000
3947 339.000000
3948 666.000000
3949 803.000000
3950 70.000000
3951 333.000000
3952 671.000000
3953 556.000000
3954 1942.000000
3955 7.000000
3956 3.000000
3957 91.000000
3958 0.000000
3959 100.000000
3960 1079.000000
3961 4.000000
3962 55.000000
3963 43.000000
3964 214.500000
3965 131.000000
3966 0.000000
3967 3.250000
3968 270.000000
3969 161.000000
3970 92.000000
3971 238.000000
3972 84.000000
3973 216.000000
3974 7.250000
3975 688.000000
3976 1548.000000
3977 93.000000
3978 218.000000
3979 333.000000
3980 32.000000
3981 65.000000
3982 44.000000
3983 398.000000
3984 32.000000
3985 16.000000
3986 8.000000
3987 67.000000
3988 840.000000
3989 4710.000000
3990 509.000000
3991 59.000000
3992 483.000000
3993 38.500000
3994 92.000000
3995 70.000000
3996 438.000000
3997 621.000000
3998 35.000000
3999 82.000000
4000 129.000000
4001 138.000000
4002 300.000000
4003 31.000000
4004 443.000000
4005 172.500000
4006 1.000000
4007 69.000000
4008 147.000000
4009 12.000000
4010 167.750000
4011 267.000000
4012 192.000000
4013 40.750000
4014 2.000000
4015 8.000000
4016 116.000000
4017 268.000000
4018 134.000000
4019 53.000000
4020 348.000000
4021 7.000000
4022 388.000000
4023 45.250000
4024 1633.000000
4025 227.000000
4026 312.000000
4027 15.000000
4028 31.250000
4029 123.000000
4030 2454.000000
4031 190.000000
4032 66.000000
4033 260.000000
4034 135.000000
4035 363.000000
4036 66.000000
4037 183.250000
4038 334.000000
4039 25.000000
4040 74.750000
4041 1039.000000
4042 126.000000
4043 1397.000000
4044 1770.000000
4045 62.000000
4046 453.000000
4047 105.000000
4048 204.000000
4049 60.000000
4050 169.000000
4051 174.000000
4052 1.000000
4053 50.000000
4054 46.000000
4055 360.000000
4056 634.000000
4057 151.000000
4058 87.000000
4059 339.000000
4060 405.000000
4061 140.000000
4062 8.000000
4063 95.000000
4064 549.000000
4065 7.000000
4066 105.000000
4067 79.000000
4068 39.000000
4069 123.000000
4070 77.000000
4071 326.000000
4072 239.000000
4073 952.000000
4074 77.000000
4075 41.000000
4076 420.000000
4077 0.000000
4078 86.000000
4079 63.000000
4080 165.000000
4081 0.750000
4082 181.000000
4083 16.000000
4084 32.000000
4085 399.000000
4086 446.000000
4087 381.000000
4088 48.000000
4089 23.000000
4090 78.000000
4091 33.000000
4092 12.000000
4093 202.000000
4094 625.000000
4095 78.000000
4096 2093.000000
4097 2297.000000
4098 160.000000
4099 614.000000
4100 266.500000
4101 267.000000
4102 492.000000
4103 2089.000000
4104 1.000000
4105 47.000000
4106 788.000000
4107 289.000000
4108 2.000000
4109 103.000000
4110 40.000000
4111 1086.000000
4112 323.000000
4113 42.000000
4114 135.000000
4115 6.750000
4116 141.000000
4117 178.000000
4118 397.000000
4119 180.000000
4120 756.000000
4121 0.000000
4122 52.000000
4123 331.000000
4124 382.000000
4125 26.000000
4126 464.000000
4127 7.000000
4128 2.000000
4129 18.000000
4130 225.000000
4131 0.250000
4132 231.000000
4133 7.000000
4134 337.000000
4135 2133.000000
4136 19.500000
4137 542.000000
4138 0.000000
4139 1.000000
4140 2.000000
4141 9.000000
4142 162.000000
4143 29.500000
4144 108.000000
4145 231.000000
4146 748.000000
4147 7.000000
4148 96.000000
4149 646.000000
4150 107.500000
4151 59.000000
4152 552.000000
4153 1248.000000
4154 2044.000000
4155 285.000000
4156 204.500000
4157 81.000000
4158 138.000000
4159 26.000000
4160 2346.000000
4161 159.000000
4162 235.000000
4163 20.000000
4164 9.000000
4165 190.000000
4166 47.000000
4167 43.000000
4168 2809.000000
4169 0.000000
4170 476.000000
4171 735.000000
4172 120.000000
4173 3.000000
4174 223.000000
4175 550.000000
4176 3053.000000
4177 2209.000000
4178 267.000000
4179 13.000000
4180 0.000000
4181 589.000000
4182 905.000000
4183 114.000000
4184 24.000000
4185 44.000000
4186 30.000000
4187 71.250000
4188 46.000000
4189 44.000000
4190 131.000000
4191 163.000000
4192 134.000000
4193 141.000000
4194 36.000000
4195 187.000000
4196 56.000000
4197 652.000000
4198 73.000000
4199 924.000000
4200 171.000000
4201 110.000000
4202 0.000000
4203 114.000000
4204 171.000000
4205 35.000000
4206 2.000000
4207 101.000000
4208 115.000000
4209 217.000000
4210 147.000000
4211 177.000000
4212 2579.000000
4213 2.000000
4214 451.000000
4215 49.000000
4216 156.000000
4217 277.000000
4218 25.000000
4219 129.000000
4220 13.000000
4221 449.000000
4222 164.000000
4223 33.000000
4224 36.000000
4225 716.000000
4226 28.000000
4227 283.000000
4228 138.000000
4229 23.000000
4230 107.000000
4231 56.000000
4232 96.000000
4233 139.000000
4234 7.000000
4235 0.500000
4236 2.000000
4237 40.000000
4238 431.000000
4239 133.750000
4240 89.000000
4241 70.750000
4242 178.000000
4243 52.000000
4244 292.000000
4245 32.000000
4246 229.000000
4247 225.000000
4248 10.000000
4249 81.000000
4250 4.000000
4251 182.250000
4252 32.000000
4253 183.750000
4254 5276.000000
4255 306.000000
4256 900.000000
4257 254.000000
4258 27.000000
4259 42.000000
4260 256.000000
4261 0.000000
4262 69.000000
4263 385.000000
4264 3742.000000
4265 22.000000
4266 188.000000
4267 294.000000
4268 949.000000
4269 139.000000
4270 766.000000
4271 574.000000
4272 40.000000
4273 265.000000
4274 48.250000
4275 1861.000000
4276 72.000000
4277 55.000000
4278 28.000000
4279 263.000000
4280 60.000000
4281 347.000000
4282 1470.000000
4283 2.000000
4284 17.000000
4285 1222.000000
4286 3.000000
4287 207.000000
4288 165.000000
4289 267.000000
4290 187.000000
4291 182.000000
4292 13.000000
4293 319.000000
4294 661.000000
4295 83.000000
4296 3.000000
4297 292.000000
4298 83.000000
4299 7.000000
4300 515.000000
4301 46.000000
4302 144.000000
4303 262.000000
4304 946.000000
4305 294.000000
4306 175.000000
4307 90.000000
4308 109.000000
4309 11.250000
4310 35.000000
4311 414.000000
4312 582.000000
4313 223.000000
4314 8152.000000
4315 343.000000
4316 42.000000
4317 1423.000000
4318 92.000000
4319 4.000000
4320 165.000000
4321 1766.000000
4322 111.250000
4323 158.000000
4324 17.000000
4325 44.000000
4326 2026.000000
4327 622.000000
4328 923.000000
4329 46.000000
4330 139.000000
4331 720.000000
4332 527.000000
4333 38.000000
4334 371.000000
4335 10.000000
4336 41.000000
4337 671.000000
4338 112.000000
4339 350.000000
4340 982.000000
4341 45.000000
4342 392.000000
4343 217.000000
4344 84.000000
4345 997.000000
4346 6.000000
4347 196.000000
4348 209.000000
4349 1604.000000
4350 116.000000
4351 117.000000
4352 41.250000
4353 1.000000
4354 194.000000
4355 237.000000
4356 360.000000
4357 216.000000
4358 100.000000
4359 179.000000
4360 1233.000000
4361 129.250000
4362 8.000000
4363 1341.000000
4364 0.000000
4365 38.000000
4366 746.000000
4367 152.000000
4368 612.000000
4369 57.000000
4370 91.000000
4371 1014.000000
4372 139.000000
4373 75.000000
4374 175.000000
4375 47.000000
4376 1.000000
4377 5.000000
4378 123.000000
4379 410.000000
4380 203.000000
4381 114.000000
4382 151.250000
4383 312.000000
4384 74.000000
4385 0.000000
4386 63.000000
4387 348.000000
4388 110.000000
4389 1146.000000
4390 705.000000
4391 75.000000
4392 9637.000000
4393 191.250000
4394 673.000000
4395 150.000000
4396 63.000000
4397 548.000000
4398 389.000000
4399 1.250000
4400 166.000000
4401 45.000000
4402 98.000000
4403 1.000000
4404 255.000000
4405 518.000000
4406 806.000000
4407 206.000000
4408 271.000000
4409 1447.000000
4410 434.000000
4411 98.000000
4412 78.000000
4413 136.000000
4414 637.000000
4415 142.000000
4416 149.000000
4417 178.000000
4418 285.000000
4419 78.000000
4420 1105.000000
4421 39.000000
4422 0.000000
4423 71.000000
4424 133.000000
4425 211.000000
4426 320.000000
4427 115.000000
4428 192.000000
4429 2.000000
4430 6.000000
4431 72.000000
4432 277.000000
4433 100.000000
4434 1660.000000
4435 36.000000
4436 3.000000
4437 3893.000000
4438 272.000000
4439 156.000000
4440 4.000000
4441 23.000000
4442 182.000000
4443 41.000000
4444 63.000000
4445 32.000000
4446 272.000000
4447 1.000000
4448 230.000000
4449 41.000000
4450 55.500000
4451 6.000000
4452 218.000000
4453 3060.000000
4454 235.000000
4455 148.500000
4456 0.000000
4457 27.000000
4458 100.000000
4459 2.000000
4460 5611.000000
4461 115.000000
4462 329.000000
4463 4490.000000
4464 406.000000
4465 159.000000
4466 1641.000000
4467 272.000000
4468 81.000000
4469 160.000000
4470 423.000000
4471 69.000000
4472 32.500000
4473 231.000000
4474 122.000000
4475 3476.000000
4476 158.000000
4477 266.000000
4478 171.000000
4479 54.500000
4480 121.000000
4481 1152.000000
4482 746.000000
4483 1870.000000
4484 2040.000000
4485 2065.000000
4486 1.000000
4487 958.000000
4488 328.000000
4489 98.000000
4490 8968.000000
4491 317.000000
4492 0.000000
4493 1829.000000
4494 137.000000
4495 10.000000
4496 199.000000
4497 40.000000
4498 0.500000
4499 87.000000
4500 555.000000
4501 139.000000
4502 133.250000
4503 129.000000
4504 1030.000000
4505 89.000000
4506 21.000000
4507 1323.000000
4508 67.000000
4509 461.000000
4510 542.000000
4511 8.000000
4512 28.750000
4513 523.000000
4514 44.000000
4515 282.000000
4516 157.000000
4517 19.000000
4518 2.000000
4519 87.500000
4520 181.000000
4521 131.000000
4522 38.000000
4523 375.000000
4524 2386.000000
4525 137.000000
4526 259.000000
4527 1777.000000
4528 141.000000
4529 323.000000
4530 137.000000
4531 120.000000
4532 15.000000
4533 97.250000
4534 1269.000000
4535 1115.000000
4536 42.000000
4537 181.000000
4538 231.000000
4539 185.000000
4540 357.000000
4541 0.000000
4542 338.000000
4543 22.000000
4544 287.000000
4545 19.750000
4546 144.000000
4547 348.000000
4548 1183.000000
4549 158.000000
4550 3.000000
4551 283.000000
4552 252.000000
4553 99.000000
4554 191.250000
4555 13.000000
4556 0.000000
4557 206.000000
4558 17.000000
4559 480.000000
4560 272.000000
4561 50.000000
4562 53.000000
4563 45.000000
4564 134.000000
4565 1.000000
4566 214.250000
4567 6.000000
4568 78.000000
4569 86.000000
4570 722.000000
4571 1.000000
4572 1114.000000
4573 25.000000
4574 538.000000
4575 77.000000
4576 473.000000
4577 264.000000
4578 30.000000
4579 9.000000
4580 3138.000000
4581 67.000000
4582 25.000000
4583 0.000000
4584 4223.000000
4585 100.000000
4586 136.000000
4587 2709.000000
4588 84.000000
4589 3.000000
4590 254.000000
4591 166.000000
4592 42.000000
4593 173.000000
4594 312.000000
4595 31.500000
4596 324.000000
4597 0.000000
4598 2873.000000
4599 148.000000
4600 938.000000
4601 953.000000
4602 168.000000
4603 415.000000
4604 49.000000
4605 847.000000
4606 9.000000
4607 1290.000000
4608 170.500000
4609 0.000000
4610 486.000000
4611 109.000000
4612 536.000000
4613 298.000000
4614 265.000000
4615 1580.000000
4616 0.000000
4617 498.000000
4618 132.000000
4619 368.000000
4620 2.000000
4621 357.000000
4622 324.000000
4623 145.000000
4624 31.000000
4625 111.000000
4626 266.000000
4627 2138.000000
4628 3.000000
4629 163.000000
4630 483.000000
4631 70.000000
4632 65.000000
4633 597.000000
4634 307.000000
4635 94.000000
4636 9.000000
4637 171.000000
4638 33.000000
4639 161.250000
4640 382.000000
4641 349.000000
4642 1401.000000
4643 294.000000
4644 618.000000
4645 2114.750000
4646 149.000000
4647 472.000000
4648 250.000000
4649 0.000000
4650 88.250000
4651 1838.000000
4652 0.000000
4653 382.000000
4654 312.000000
4655 55.000000
4656 123.000000
4657 211.000000
4658 1300.000000
4659 0.000000
4660 408.000000
4661 26.000000
4662 2022.000000
4663 586.000000
4664 24.250000
4665 474.000000
4666 153.000000
4667 123.000000
4668 1872.000000
4669 8264.000000
4670 93.000000
4671 194.750000
4672 21.000000
4673 4.000000
4674 1818.000000
4675 196.000000
4676 18.000000
4677 65.000000
4678 1.000000
4679 87.000000
4680 2.000000
4681 148.000000
4682 99.750000
4683 283.000000
4684 163.000000
4685 78.000000
4686 76.500000
4687 0.000000
4688 59.000000
4689 302.000000
4690 419.000000
4691 181.000000
4692 27.000000
4693 690.000000
4694 27.250000
4695 253.000000
4696 139.000000
4697 11.000000
4698 1.000000
4699 548.000000
4700 351.000000
4701 3702.000000
4702 305.000000
4703 836.000000
4704 35.000000
4705 121.000000
4706 241.000000
4707 49.000000
4708 13.000000
4709 414.000000
4710 170.000000
4711 301.000000
4712 2.000000
4713 40.000000
4714 275.000000
4715 299.000000
4716 260.000000
4717 130.000000
4718 288.000000
4719 183.000000
4720 378.000000
4721 969.000000
4722 407.000000
4723 25.750000
4724 27.000000
4725 502.000000
4726 308.000000
4727 0.000000
4728 559.000000
4729 2.000000
4730 781.000000
4731 132.000000
4732 42.000000
4733 13.000000
4734 3745.000000
4735 47.000000
4736 153.000000
4737 1688.000000
4738 137.000000
4739 67.000000
4740 573.000000
4741 955.000000
4742 212.000000
4743 52.000000
4744 18.000000
4745 67.000000
4746 38.000000
4747 213.000000
4748 156.750000
4749 305.000000
4750 61.000000
4751 207.000000
4752 665.000000
4753 12.000000
4754 18.500000
4755 3048.000000
4756 312.000000
4757 4535.000000
4758 1081.000000
4759 52.000000
4760 325.000000
4761 6.750000
4762 421.000000
4763 5.000000
4764 314.000000
4765 4443.000000
4766 180.500000
4767 82.000000
4768 463.000000
4769 21.000000
4770 149.000000
4771 412.000000
4772 42.000000
4773 25.000000
4774 268.000000
4775 229.000000
4776 40.000000
4777 82.000000
4778 183.000000
4779 137.000000
4780 1296.000000
4781 882.000000
4782 12.000000
4783 341.000000
4784 232.000000
4785 94.000000
4786 277.000000
4787 154.000000
4788 131.000000
4789 24.000000
4790 232.000000
4791 372.000000
4792 825.000000
4793 76.000000
4794 17.000000
4795 213.000000
4796 89.000000
4797 6205.000000
4798 63.000000
4799 176.000000
4800 267.000000
4801 97.000000
4802 377.000000
4803 227.750000
4804 92.000000
4805 128.000000
4806 423.000000
4807 383.000000
4808 479.000000
4809 401.000000
4810 88.000000
4811 247.000000
4812 125.000000
4813 1155.000000
4814 364.000000
4815 1058.000000
4816 191.000000
4817 23.000000
4818 284.000000
4819 942.000000
4820 40.000000
4821 52.000000
4822 535.000000
4823 59.000000
4824 47.000000
4825 4.000000
4826 111.000000
4827 263.000000
4828 100.000000
4829 1214.000000
4830 19.000000
4831 273.000000
4832 676.000000
4833 103.000000
4834 301.000000
4835 90.000000
4836 41.000000
4837 137.000000
4838 51.000000
4839 162.000000
4840 16.000000
4841 144.000000
4842 144.000000
4843 70.250000
4844 149.000000
4845 263.000000
4846 189.000000
4847 20.000000
4848 5.000000
4849 409.000000
4850 167.000000
4851 363.000000
4852 12.000000
4853 600.000000
4854 17.000000
4855 31.000000
4856 307.000000
4857 92.000000
4858 245.000000
4859 714.000000
4860 72.250000
4861 74.500000
4862 147.000000
4863 92.000000
4864 767.000000
4865 99.500000
4866 645.000000
4867 118.000000
4868 115.250000
4869 127.000000
4870 430.000000
4871 427.000000
4872 99.000000
4873 1327.000000
4874 1777.000000
4875 18.250000
4876 1432.000000
4877 537.000000
4878 197.000000
4879 905.000000
4880 533.000000
4881 316.000000
4882 163.000000
4883 137.000000
4884 140.000000
4885 19.000000
4886 16.000000
4887 16.000000
4888 64.000000
4889 3.000000
4890 1.000000
4891 1112.000000
4892 208.250000
4893 483.000000
4894 74.000000
4895 26.000000
4896 3.000000
4897 204.000000
4898 61.000000
4899 73.500000
4900 29.000000
4901 228.000000
4902 654.000000
4903 63.000000
4904 2634.000000
4905 141.000000
4906 58.000000
4907 12.000000
4908 196.000000
4909 100.000000
4910 25.000000
4911 98.250000
4912 9.000000
4913 18.000000
4914 494.000000
4915 106.000000
4916 340.000000
4917 159.000000
4918 29.500000
4919 2612.000000
4920 22.000000
4921 97.000000
4922 229.000000
4923 2396.000000
4924 658.000000
4925 119.000000
4926 52.000000
4927 80.000000
4928 4.000000
4929 183.000000
4930 41.000000
4931 1348.000000
4932 247.000000
4933 1819.000000
4934 581.000000
4935 30.750000
4936 292.000000
4937 1193.000000
4938 22.000000
4939 68.000000
4940 20.000000
4941 50.000000
4942 164.000000
4943 0.000000
4944 98.000000
4945 51.750000
4946 5.000000
4947 161.000000
4948 103.000000
4949 1520.000000
4950 264.000000
4951 9244.000000
4952 27.250000
4953 86.000000
4954 124.000000
4955 0.000000
4956 136.500000
4957 8.250000
4958 1075.000000
4959 77.500000
4960 93.000000
4961 14.000000
4962 1.000000
4963 1.000000
4964 268.000000
4965 380.000000
4966 197.000000
4967 530.000000
4968 148.000000
4969 107.000000
4970 25.000000
4971 737.000000
4972 363.000000
4973 381.000000
4974 158.750000
4975 92.000000
4976 309.000000
4977 180.000000
4978 913.000000
4979 55.250000
4980 57.000000
4981 129.000000
4982 51.000000
4983 55.000000
4984 491.000000
4985 2164.000000
4986 517.000000
4987 26.250000
4988 122.000000
4989 49.000000
4990 400.000000
4991 63.000000
4992 510.000000
4993 211.000000
4994 585.000000
4995 159.000000
4996 87.000000
4997 261.000000
4998 104.000000
4999 21.000000
5000 79.000000
5001 14.000000
5002 0.000000
5003 7.000000
5004 1.000000
5005 9876.000000
5006 222.000000
5007 68.000000
5008 195.000000
5009 134.000000
5010 313.000000
5011 117.000000
5012 193.000000
5013 151.000000
5014 31.000000
5015 113.000000
5016 201.000000
5017 18.250000
5018 85.000000
5019 45.250000
5020 2.000000
5021 83.000000
5022 1204.000000
5023 173.000000
5024 307.000000
5025 56.000000
5026 79.000000
5027 212.000000
5028 86.750000
5029 192.000000
5030 1142.000000
5031 27.500000
5032 278.250000
5033 2056.000000
5034 218.000000
5035 309.000000
5036 50.000000
5037 338.000000
5038 1255.000000
5039 22.000000
5040 161.000000
5041 1.000000
5042 10.500000
5043 14.000000
5044 4.000000
5045 277.000000
5046 188.000000
5047 5.000000
5048 167.500000
5049 87.000000
5050 0.000000
5051 212.000000
5052 210.000000
5053 132.750000
5054 40.000000
5055 77.000000
5056 45.000000
5057 2566.000000
5058 11.000000
5059 2068.000000
5060 1.000000
5061 21.000000
5062 347.000000
5063 9579.000000
5064 233.500000
5065 146.000000
5066 83.000000
5067 3009.000000
5068 0.000000
5069 83.000000
5070 701.000000
5071 77.000000
5072 31.000000
5073 24.250000
5074 172.000000
5075 0.000000
5076 315.000000
5077 2.000000
5078 468.000000
5079 136.000000
5080 26.000000
5081 629.000000
5082 15.000000
5083 72.000000
5084 218.000000
5085 294.000000
5086 36.000000
5087 34.250000
5088 146.000000
5089 0.000000
5090 348.000000
5091 128.000000
5092 127.000000
5093 83.000000
5094 1.750000
5095 53.000000
5096 322.000000
5097 761.000000
5098 102.000000
5099 383.000000
5100 290.000000
5101 183.000000
5102 1571.000000
5103 94.000000
5104 57.000000
5105 30.000000
5106 9.000000
5107 297.000000
5108 34.000000
5109 52.000000
