3610 250.000000
3611 159.000000
3612 236.000000
3613 179.000000
3614 324.000000
3615 280.000000
3616 181.000000
3617 31.000000
3618 3863.000000
3619 327.000000
3620 104.000000
3621 465.000000
3622 157.000000
3623 1736.000000
3624 59.000000
3625 661.000000
3626 31.000000
3627 42.000000
3628 5.000000
3629 57.000000
3630 112.000000
3631 14.000000
3632 287.000000
3633 115.000000
3634 280.000000
3635 722.000000
3636 305.000000
3637 453.000000
3638 55.000000
3639 825.000000
3640 230.000000
3641 775.000000
3642 310.000000
3643 58.000000
3644 145.000000
3645 234.000000
3646 1319.000000
3647 44.000000
3648 126.000000
3649 39.000000
3650 429.000000
3651 173.000000
3652 0.000000
3653 86.000000
3654 83.000000
3655 37.000000
3656 131.000000
3657 367.000000
3658 652.000000
3659 130.000000
3660 83.000000
3661 184.000000
3662 2.000000
3663 1197.000000
3664 216.000000
3665 80.000000
3666 6.000000
3667 54.000000
3668 441.000000
3669 0.000000
3670 544.000000
3671 13.000000
3672 69.000000
3673 89.000000
3674 31.000000
3675 495.000000
3676 42.000000
3677 66.000000
3678 195.000000
3679 231.000000
3680 44.000000
3681 145.000000
3682 905.000000
3683 959.000000
3684 29.000000
3685 51.000000
3686 98.000000
3687 89.000000
3688 7.000000
3689 112.000000
3690 124.000000
3691 750.000000
3692 14.000000
3693 57.000000
3694 3281.000000
3695 12.000000
3696 17.000000
3697 116.000000
3698 184.000000
3699 1.000000
3700 319.000000
3701 253.000000
3702 312.000000
3703 135.000000
3704 105.000000
3705 0.000000
3706 439.000000
3707 32.000000
3708 88.000000
3709 135.000000
3710 140.000000
3711 449.000000
3712 1140.000000
3713 103.000000
3714 56.000000
3715 1352.000000
3716 53.000000
3717 1.000000
3718 44.000000
3719 14.000000
3720 116.000000
3721 626.000000
3722 0.000000
3723 6.000000
3724 428.000000
3725 472.000000
3726 6.000000
3727 20.000000
3728 1402.000000
3729 5.000000
3730 104.000000
3731 117.000000
3732 75.000000
3733 28.000000
3734 985.000000
3735 12.000000
3736 0.000000
3737 38.000000
3738 522.000000
3739 37.000000
3740 140.000000
3741 1990.000000
3742 14.000000
3743 316.000000
3744 97.000000
3745 299.000000
3746 86.000000
3747 0.000000
3748 228.000000
3749 51.000000
3750 246.000000
3751 52.000000
3752 911.000000
3753 548.000000
3754 1474.000000
3755 82.000000
3756 5.000000
3757 0.000000
3758 1298.000000
3759 653.000000
3760 21.000000
3761 10781.000000
3762 221.000000
3763 1406.000000
3764 0.000000
3765 6.000000
3766 17.000000
3767 0.000000
3768 42.000000
3769 1272.000000
3770 907.000000
3771 1112.000000
3772 660.000000
3773 66.000000
3774 628.000000
3775 739.000000
3776 285.000000
3777 2.000000
3778 813.000000
3779 277.000000
3780 362.000000
3781 255.000000
3782 675.000000
3783 4463.000000
3784 21.000000
3785 351.000000
3786 1212.000000
3787 18.000000
3788 2255.000000
3789 12.000000
3790 0.000000
3791 0.000000
3792 401.000000
3793 46.000000
3794 32.000000
3795 3.000000
3796 1285.000000
3797 157.000000
3798 262.000000
3799 65.000000
3800 172.000000
3801 414.000000
3802 36.000000
3803 44.000000
3804 389.000000
3805 518.000000
3806 558.000000
3807 59.000000
3808 169.000000
3809 121.000000
3810 135.000000
3811 2308.000000
3812 13.000000
3813 835.000000
3814 221.000000
3815 87.000000
3816 278.000000
3817 227.000000
3818 533.000000
3819 10.000000
3820 57.000000
3821 592.000000
3822 61.000000
3823 323.000000
3824 141.000000
3825 256.000000
3826 267.000000
3827 27.000000
3828 76.000000
3829 188.000000
3830 22.000000
3831 171.000000
3832 193.000000
3833 26.000000
3834 322.000000
3835 52.000000
3836 270.000000
3837 540.000000
3838 576.000000
3839 131.000000
3840 14.000000
3841 701.000000
3842 28.000000
3843 11.000000
3844 763.000000
3845 113.000000
3846 50.000000
3847 123.000000
3848 2716.000000
3849 138.000000
3850 117.000000
3851 5848.000000
3852 174.000000
3853 68.000000
3854 11.000000
3855 207.000000
3856 181.000000
3857 357.000000
3858 6.000000
3859 54.000000
3860 35.000000
3861 406.000000
3862 14.000000
3863 263.000000
3864 443.000000
3865 46.000000
3866 688.000000
3867 21.000000
3868 6.000000
3869 201.000000
3870 42.000000
3871 10.000000
3872 288.000000
3873 210.000000
3874 198.000000
3875 33.000000
3876 159.000000
3877 87.000000
3878 62.000000
3879 224.000000
3880 229.000000
3881 26.000000
3882 1.000000
3883 216.000000
3884 662.000000
3885 35.000000
3886 21.000000
3887 316.000000
3888 175.000000
3889 56.000000
3890 170.000000
3891 122.000000
3892 588.000000
3893 282.000000
3894 52.000000
3895 32.000000
3896 114.000000
3897 0.000000
3898 137.000000
3899 179.000000
3900 157.000000
3901 55.000000
3902 330.000000
3903 1847.000000
3904 1712.000000
3905 314.000000
3906 69.000000
3907 2.000000
3908 89.000000
3909 414.000000
3910 35.000000
3911 159.000000
3912 126.000000
3913 2653.000000
3914 149.000000
3915 927.000000
3916 221.000000
3917 32.000000
3918 4.000000
3919 162.000000
3920 80.000000
3921 165.000000
3922 288.000000
3923 158.000000
3924 34.000000
3925 369.000000
3926 511.000000
3927 20.000000
3928 52.000000
3929 132.000000
3930 363.000000
3931 785.000000
3932 0.000000
3933 185.000000
3934 111.000000
3935 36.000000
3936 21.000000
3937 570.000000
3938 1342.000000
3939 143.000000
3940 29.000000
3941 2293.000000
3942 157.000000
3943 38.000000
3944 164.000000
3945 310.000000
3946 0.000000
3947 373.000000
3948 533.000000
3949 888.000000
3950 67.000000
3951 338.000000
3952 625.000000
3953 562.000000
3954 3102.000000
3955 13.000000
3956 13.000000
3957 156.000000
3958 0.000000
3959 109.000000
3960 1065.000000
3961 31.000000
3962 138.000000
3963 56.000000
3964 178.000000
3965 93.000000
3966 0.000000
3967 1.000000
3968 263.000000
3969 205.000000
3970 86.000000
3971 224.000000
3972 71.000000
3973 206.000000
3974 7.000000
3975 776.000000
3976 1492.000000
3977 93.000000
3978 219.000000
3979 405.000000
3980 32.000000
3981 63.000000
3982 46.000000
3983 413.000000
3984 13.000000
3985 19.000000
3986 8.000000
3987 174.000000
3988 821.000000
3989 4618.000000
3990 501.000000
3991 73.000000
3992 433.000000
3993 41.000000
3994 104.000000
3995 73.000000
3996 408.000000
3997 710.000000
3998 36.000000
3999 188.000000
4000 131.000000
4001 149.000000
4002 77.000000
4003 33.000000
4004 423.000000
4005 157.000000
4006 0.000000
4007 279.000000
4008 292.000000
4009 28.000000
4010 156.000000
4011 309.000000
4012 262.000000
4013 35.000000
4014 1.000000
4015 18.000000
4016 179.000000
4017 252.000000
4018 146.000000
4019 103.000000
4020 354.000000
4021 33.000000
4022 319.000000
4023 45.000000
4024 78.000000
4025 291.000000
4026 302.000000
4027 20.000000
4028 30.000000
4029 242.000000
4030 2303.000000
4031 123.000000
4032 73.000000
4033 284.000000
4034 135.000000
4035 369.000000
4036 75.000000
4037 186.000000
4038 74.000000
4039 128.000000
4040 54.000000
4041 1003.000000
4042 89.000000
4043 1348.000000
4044 1692.000000
4045 1.000000
4046 532.000000
4047 97.000000
4048 24.000000
4049 54.000000
4050 173.000000
4051 175.000000
4052 0.000000
4053 74.000000
4054 108.000000
4055 372.000000
4056 564.000000
4057 90.000000
4058 115.000000
4059 342.000000
4060 521.000000
4061 123.000000
4062 0.000000
4063 97.000000
4064 486.000000
4065 1.000000
4066 171.000000
4067 49.000000
4068 72.000000
4069 120.000000
4070 82.000000
4071 308.000000
4072 307.000000
4073 859.000000
4074 97.000000
4075 29.000000
4076 499.000000
4077 0.000000
4078 75.000000
4079 68.000000
4080 187.000000
4081 0.000000
4082 232.000000
4083 17.000000
4084 30.000000
4085 393.000000
4086 311.000000
4087 334.000000
4088 33.000000
4089 11.000000
4090 113.000000
4091 33.000000
4092 9.000000
4093 241.000000
4094 485.000000
4095 82.000000
4096 2067.000000
4097 2294.000000
4098 164.000000
4099 959.000000
4100 273.000000
4101 233.000000
4102 576.000000
4103 2014.000000
4104 1.000000
4105 25.000000
4106 907.000000
4107 326.000000
4108 51.000000
4109 86.000000
4110 35.000000
4111 1057.000000
4112 243.000000
4113 18.000000
4114 102.000000
4115 2.000000
4116 131.000000
4117 110.000000
4118 417.000000
4119 172.000000
4120 111.000000
4121 2.000000
4122 52.000000
4123 273.000000
4124 437.000000
4125 28.000000
4126 456.000000
4127 11.000000
4128 0.000000
4129 0.000000
4130 266.000000
4131 0.000000
4132 223.000000
4133 17.000000
4134 319.000000
4135 1958.000000
4136 20.000000
4137 704.000000
4138 0.000000
4139 0.000000
4140 2.000000
4141 10.000000
4142 179.000000
4143 30.000000
4144 132.000000
4145 261.000000
4146 550.000000
4147 56.000000
4148 101.000000
4149 569.000000
4150 113.000000
4151 54.000000
4152 504.000000
4153 1211.000000
4154 1985.000000
4155 262.000000
4156 223.000000
4157 125.000000
4158 131.000000
4159 5.000000
4160 844.000000
4161 171.000000
4162 248.000000
4163 35.000000
4164 15.000000
4165 208.000000
4166 66.000000
4167 38.000000
4168 2684.000000
4169 0.000000
4170 465.000000
4171 820.000000
4172 122.000000
4173 36.000000
4174 222.000000
4175 631.000000
4176 2751.000000
4177 2006.000000
4178 272.000000
4179 13.000000
4180 0.000000
4181 578.000000
4182 1007.000000
4183 195.000000
4184 85.000000
4185 36.000000
4186 29.000000
4187 75.000000
4188 41.000000
4189 42.000000
4190 127.000000
4191 165.000000
4192 210.000000
4193 152.000000
4194 38.000000
4195 179.000000
4196 79.000000
4197 510.000000
4198 77.000000
4199 768.000000
4200 170.000000
4201 109.000000
4202 19.000000
4203 159.000000
4204 244.000000
4205 40.000000
4206 1.000000
4207 120.000000
4208 116.000000
4209 211.000000
4210 154.000000
4211 121.000000
4212 2444.000000
4213 2.000000
4214 438.000000
4215 49.000000
4216 229.000000
4217 293.000000
4218 25.000000
4219 100.000000
4220 12.000000
4221 471.000000
4222 174.000000
4223 35.000000
4224 34.000000
4225 888.000000
4226 36.000000
4227 273.000000
4228 155.000000
4229 23.000000
4230 82.000000
4231 56.000000
4232 76.000000
4233 121.000000
4234 8.000000
4235 0.000000
4236 2.000000
4237 42.000000
4238 371.000000
4239 136.000000
4240 83.000000
4241 73.000000
4242 163.000000
4243 41.000000
4244 318.000000
4245 33.000000
4246 245.000000
4247 193.000000
4248 41.000000
4249 197.000000
4250 1.000000
4251 152.000000
4252 51.000000
4253 183.000000
4254 4692.000000
4255 287.000000
4256 1011.000000
4257 236.000000
4258 12.000000
4259 42.000000
4260 61.000000
4261 0.000000
4262 74.000000
4263 361.000000
4264 3509.000000
4265 80.000000
4266 235.000000
4267 306.000000
4268 924.000000
4269 134.000000
4270 772.000000
4271 32.000000
4272 44.000000
4273 234.000000
4274 53.000000
4275 1796.000000
4276 65.000000
4277 0.000000
4278 6.000000
4279 234.000000
4280 52.000000
4281 563.000000
4282 1357.000000
4283 20.000000
4284 19.000000
4285 1149.000000
4286 42.000000
4287 245.000000
4288 165.000000
4289 221.000000
4290 182.000000
4291 184.000000
4292 10.000000
4293 335.000000
4294 611.000000
4295 77.000000
4296 4.000000
4297 293.000000
4298 119.000000
4299 1.000000
4300 462.000000
4301 62.000000
4302 152.000000
4303 262.000000
4304 1087.000000
4305 271.000000
4306 182.000000
4307 28.000000
4308 104.000000
4309 9.000000
4310 35.000000
4311 463.000000
4312 321.000000
4313 151.000000
4314 7539.000000
4315 314.000000
4316 11.000000
4317 1491.000000
4318 99.000000
4319 5.000000
4320 160.000000
4321 1642.000000
4322 116.000000
4323 141.000000
4324 11.000000
4325 45.000000
4326 1890.000000
4327 592.000000
4328 1052.000000
4329 103.000000
4330 154.000000
4331 676.000000
4332 1006.000000
4333 148.000000
4334 370.000000
4335 29.000000
4336 68.000000
4337 599.000000
4338 253.000000
4339 213.000000
4340 1072.000000
4341 158.000000
4342 457.000000
4343 245.000000
4344 60.000000
4345 1084.000000
4346 6.000000
4347 178.000000
4348 189.000000
4349 1391.000000
4350 97.000000
4351 109.000000
4352 42.000000
4353 8.000000
4354 183.000000
4355 219.000000
4356 505.000000
4357 117.000000
4358 97.000000
4359 197.000000
4360 1178.000000
4361 115.000000
4362 7.000000
4363 414.000000
4364 0.000000
4365 64.000000
4366 831.000000
4367 157.000000
4368 588.000000
4369 100.000000
4370 85.000000
4371 1289.000000
4372 139.000000
4373 65.000000
4374 237.000000
4375 0.000000
4376 0.000000
4377 1.000000
4378 112.000000
4379 404.000000
4380 219.000000
4381 133.000000
4382 144.000000
4383 283.000000
4384 74.000000
4385 0.000000
4386 59.000000
4387 344.000000
4388 95.000000
4389 1378.000000
4390 823.000000
4391 87.000000
4392 9214.000000
4393 214.000000
4394 719.000000
4395 159.000000
4396 57.000000
4397 518.000000
4398 439.000000
4399 2.000000
4400 161.000000
4401 47.000000
4402 97.000000
4403 52.000000
4404 254.000000
4405 562.000000
4406 392.000000
4407 225.000000
4408 235.000000
4409 1378.000000
4410 510.000000
4411 115.000000
4412 82.000000
4413 294.000000
4414 1090.000000
4415 135.000000
4416 140.000000
4417 168.000000
4418 321.000000
4419 73.000000
4420 1050.000000
4421 37.000000
4422 2.000000
4423 73.000000
4424 128.000000
4425 205.000000
4426 320.000000
4427 105.000000
4428 174.000000
4429 0.000000
4430 3.000000
4431 135.000000
4432 296.000000
4433 100.000000
4434 1635.000000
4435 41.000000
4436 2.000000
4437 3684.000000
4438 262.000000
4439 98.000000
4440 0.000000
4441 5.000000
4442 177.000000
4443 32.000000
4444 63.000000
4445 49.000000
4446 245.000000
4447 0.000000
4448 272.000000
4449 69.000000
4450 51.000000
4451 8.000000
4452 253.000000
4453 3040.000000
4454 193.000000
4455 143.000000
4456 0.000000
4457 24.000000
4458 70.000000
4459 7.000000
4460 5115.000000
4461 147.000000
4462 311.000000
4463 4336.000000
4464 344.000000
4465 144.000000
4466 1600.000000
4467 387.000000
4468 34.000000
4469 165.000000
4470 419.000000
4471 85.000000
4472 29.000000
4473 287.000000
4474 148.000000
4475 3169.000000
4476 158.000000
4477 205.000000
4478 104.000000
4479 71.000000
4480 136.000000
4481 1215.000000
4482 733.000000
4483 1811.000000
4484 1986.000000
4485 1916.000000
4486 1.000000
4487 807.000000
4488 404.000000
4489 119.000000
4490 8593.000000
4491 353.000000
4492 0.000000
4493 1820.000000
4494 131.000000
4495 12.000000
4496 278.000000
4497 29.000000
4498 6.000000
4499 175.000000
4500 506.000000
4501 142.000000
4502 148.000000
4503 162.000000
4504 1050.000000
4505 87.000000
4506 24.000000
4507 1487.000000
4508 124.000000
4509 323.000000
4510 611.000000
4511 3.000000
4512 27.000000
4513 505.000000
4514 41.000000
4515 262.000000
4516 148.000000
4517 20.000000
4518 0.000000
4519 98.000000
4520 167.000000
4521 169.000000
4522 73.000000
4523 419.000000
4524 2261.000000
4525 133.000000
4526 264.000000
4527 1475.000000
4528 136.000000
4529 316.000000
4530 223.000000
4531 119.000000
4532 19.000000
4533 90.000000
4534 874.000000
4535 1020.000000
4536 162.000000
4537 158.000000
4538 225.000000
4539 174.000000
4540 579.000000
4541 0.000000
4542 311.000000
4543 29.000000
4544 307.000000
4545 23.000000
4546 141.000000
4547 366.000000
4548 1142.000000
4549 205.000000
4550 0.000000
4551 259.000000
4552 314.000000
4553 92.000000
4554 199.000000
4555 10.000000
4556 0.000000
4557 216.000000
4558 18.000000
4559 227.000000
4560 257.000000
4561 52.000000
4562 49.000000
4563 42.000000
4564 154.000000
4565 12.000000
4566 244.000000
4567 45.000000
4568 105.000000
4569 123.000000
4570 669.000000
4571 0.000000
4572 620.000000
4573 25.000000
4574 515.000000
4575 87.000000
4576 505.000000
4577 241.000000
4578 33.000000
4579 21.000000
4580 3038.000000
4581 154.000000
4582 24.000000
4583 6.000000
4584 4003.000000
4585 107.000000
4586 184.000000
4587 2657.000000
4588 71.000000
4589 3.000000
4590 268.000000
4591 169.000000
4592 42.000000
4593 166.000000
4594 275.000000
4595 20.000000
4596 335.000000
4597 2.000000
4598 2687.000000
4599 146.000000
4600 953.000000
4601 626.000000
4602 161.000000
4603 420.000000
4604 41.000000
4605 757.000000
4606 43.000000
4607 1321.000000
4608 167.000000
4609 4.000000
4610 442.000000
4611 229.000000
4612 514.000000
4613 301.000000
4614 299.000000
4615 1279.000000
4616 0.000000
4617 440.000000
4618 130.000000
4619 352.000000
4620 0.000000
4621 306.000000
4622 331.000000
4623 150.000000
4624 56.000000
4625 110.000000
4626 275.000000
4627 2060.000000
4628 8.000000
4629 157.000000
4630 474.000000
4631 84.000000
4632 56.000000
4633 605.000000
4634 282.000000
4635 78.000000
4636 13.000000
4637 162.000000
4638 34.000000
4639 129.000000
4640 383.000000
4641 328.000000
4642 1308.000000
4643 242.000000
4644 693.000000
4645 2486.000000
4646 134.000000
4647 489.000000
4648 244.000000
4649 0.000000
4650 78.000000
4651 1752.000000
4652 6.000000
4653 398.000000
4654 405.000000
4655 98.000000
4656 98.000000
4657 176.000000
4658 1282.000000
4659 0.000000
4660 484.000000
4661 292.000000
4662 1913.000000
4663 602.000000
4664 26.000000
4665 466.000000
4666 90.000000
4667 132.000000
4668 1709.000000
4669 7475.000000
4670 73.000000
4671 171.000000
4672 36.000000
4673 1.000000
4674 1800.000000
4675 516.000000
4676 17.000000
4677 54.000000
4678 2.000000
4679 127.000000
4680 0.000000
4681 143.000000
4682 101.000000
4683 328.000000
4684 137.000000
4685 71.000000
4686 65.000000
4687 2.000000
4688 52.000000
4689 307.000000
4690 247.000000
4691 172.000000
4692 29.000000
4693 839.000000
4694 30.000000
4695 326.000000
4696 149.000000
4697 23.000000
4698 0.000000
4699 483.000000
4700 372.000000
4701 3234.000000
4702 313.000000
4703 824.000000
4704 46.000000
4705 109.000000
4706 224.000000
4707 46.000000
4708 25.000000
4709 420.000000
4710 131.000000
4711 336.000000
4712 1.000000
4713 59.000000
4714 250.000000
4715 226.000000
4716 251.000000
4717 105.000000
4718 304.000000
4719 172.000000
4720 357.000000
4721 952.000000
4722 406.000000
4723 19.000000
4724 41.000000
4725 556.000000
4726 338.000000
4727 0.000000
4728 531.000000
4729 0.000000
4730 764.000000
4731 136.000000
4732 88.000000
4733 33.000000
4734 3537.000000
4735 61.000000
4736 161.000000
4737 1504.000000
4738 162.000000
4739 56.000000
4740 567.000000
4741 957.000000
4742 220.000000
4743 68.000000
4744 36.000000
4745 73.000000
4746 46.000000
4747 229.000000
4748 136.000000
4749 415.000000
4750 71.000000
4751 194.000000
4752 774.000000
4753 88.000000
4754 14.000000
4755 3106.000000
4756 322.000000
4757 4153.000000
4758 838.000000
4759 56.000000
4760 348.000000
4761 8.000000
4762 394.000000
4763 3.000000
4764 313.000000
4765 4201.000000
4766 176.000000
4767 74.000000
4768 448.000000
4769 0.000000
4770 104.000000
4771 388.000000
4772 137.000000
4773 36.000000
4774 306.000000
4775 258.000000
4776 41.000000
4777 134.000000
4778 212.000000
4779 195.000000
4780 1480.000000
4781 831.000000
4782 6.000000
4783 89.000000
4784 215.000000
4785 113.000000
4786 270.000000
4787 149.000000
4788 149.000000
4789 22.000000
4790 208.000000
4791 366.000000
4792 836.000000
4793 71.000000
4794 40.000000
4795 197.000000
4796 77.000000
4797 5898.000000
4798 99.000000
4799 70.000000
4800 277.000000
4801 101.000000
4802 373.000000
4803 242.000000
4804 158.000000
4805 3.000000
4806 380.000000
4807 393.000000
4808 269.000000
4809 1132.000000
4810 148.000000
4811 152.000000
4812 87.000000
4813 1089.000000
4814 342.000000
4815 468.000000
4816 206.000000
4817 26.000000
4818 269.000000
4819 858.000000
4820 33.000000
4821 60.000000
4822 520.000000
4823 84.000000
4824 58.000000
4825 15.000000
4826 115.000000
4827 226.000000
4828 111.000000
4829 1240.000000
4830 25.000000
4831 300.000000
4832 652.000000
4833 100.000000
4834 369.000000
4835 99.000000
4836 37.000000
4837 128.000000
4838 69.000000
4839 150.000000
4840 123.000000
4841 374.000000
4842 131.000000
4843 74.000000
4844 228.000000
4845 302.000000
4846 159.000000
4847 44.000000
4848 15.000000
4849 426.000000
4850 185.000000
4851 366.000000
4852 154.000000
4853 738.000000
4854 2.000000
4855 30.000000
4856 297.000000
4857 95.000000
4858 311.000000
4859 661.000000
4860 71.000000
4861 24.000000
4862 108.000000
4863 123.000000
4864 983.000000
4865 99.000000
4866 601.000000
4867 124.000000
4868 169.000000
4869 114.000000
4870 393.000000
4871 416.000000
4872 94.000000
4873 970.000000
4874 1704.000000
4875 20.000000
4876 1221.000000
4877 511.000000
4878 218.000000
4879 941.000000
4880 649.000000
4881 119.000000
4882 153.000000
4883 131.000000
4884 160.000000
4885 28.000000
4886 164.000000
4887 0.000000
4888 55.000000
4889 5.000000
4890 0.000000
4891 1193.000000
4892 193.000000
4893 334.000000
4894 74.000000
4895 21.000000
4896 5.000000
4897 204.000000
4898 116.000000
4899 77.000000
4900 26.000000
4901 217.000000
4902 557.000000
4903 167.000000
4904 2475.000000
4905 128.000000
4906 53.000000
4907 18.000000
4908 226.000000
4909 109.000000
4910 35.000000
4911 91.000000
4912 393.000000
4913 21.000000
4914 488.000000
4915 19.000000
4916 267.000000
4917 180.000000
4918 28.000000
4919 2479.000000
4920 178.000000
4921 105.000000
4922 209.000000
4923 2394.000000
4924 758.000000
4925 147.000000
4926 62.000000
4927 79.000000
4928 0.000000
4929 190.000000
4930 52.000000
4931 1156.000000
4932 270.000000
4933 619.000000
4934 635.000000
4935 28.000000
4936 302.000000
4937 1275.000000
4938 22.000000
4939 59.000000
4940 21.000000
4941 100.000000
4942 153.000000
4943 0.000000
4944 105.000000
4945 39.000000
4946 4.000000
4947 165.000000
4948 52.000000
4949 1342.000000
4950 250.000000
4951 8695.000000
4952 28.000000
4953 123.000000
4954 161.000000
4955 0.000000
4956 138.000000
4957 6.000000
4958 984.000000
4959 71.000000
4960 113.000000
4961 18.000000
4962 8.000000
4963 0.000000
4964 356.000000
4965 420.000000
4966 183.000000
4967 547.000000
4968 128.000000
4969 84.000000
4970 47.000000
4971 696.000000
4972 335.000000
4973 462.000000
4974 154.000000
4975 49.000000
4976 329.000000
4977 364.000000
4978 895.000000
4979 38.000000
4980 51.000000
4981 41.000000
4982 0.000000
4983 84.000000
4984 517.000000
4985 2036.000000
4986 496.000000
4987 14.000000
4988 113.000000
4989 48.000000
4990 390.000000
4991 47.000000
4992 552.000000
4993 245.000000
4994 445.000000
4995 161.000000
4996 81.000000
4997 183.000000
4998 107.000000
4999 22.000000
5000 65.000000
5001 117.000000
5002 7.000000
5003 211.000000
5004 33.000000
5005 9316.000000
5006 196.000000
5007 289.000000
5008 231.000000
5009 130.000000
5010 346.000000
5011 112.000000
5012 186.000000
5013 139.000000
5014 27.000000
5015 114.000000
5016 182.000000
5017 16.000000
5018 85.000000
5019 50.000000
5020 1.000000
5021 91.000000
5022 1024.000000
5023 143.000000
5024 305.000000
5025 105.000000
5026 70.000000
5027 203.000000
5028 105.000000
5029 183.000000
5030 917.000000
5031 37.000000
5032 199.000000
5033 1772.000000
5034 233.000000
5035 287.000000
5036 93.000000
5037 333.000000
5038 1374.000000
5039 3.000000
5040 167.000000
5041 2.000000
5042 1.000000
5043 33.000000
5044 8.000000
5045 254.000000
5046 182.000000
5047 26.000000
5048 136.000000
5049 96.000000
5050 0.000000
5051 193.000000
5052 85.000000
5053 131.000000
5054 35.000000
5055 77.000000
5056 40.000000
5057 2351.000000
5058 10.000000
5059 1957.000000
5060 23.000000
5061 21.000000
5062 345.000000
5063 8794.000000
5064 220.000000
5065 160.000000
5066 64.000000
5067 2787.000000
5068 42.000000
5069 79.000000
5070 84.000000
5071 72.000000
5072 27.000000
5073 25.000000
5074 19.000000
5075 0.000000
5076 301.000000
5077 2.000000
5078 469.000000
5079 130.000000
5080 28.000000
5081 577.000000
5082 14.000000
5083 112.000000
5084 210.000000
5085 302.000000
5086 32.000000
5087 35.000000
5088 129.000000
5089 0.000000
5090 423.000000
5091 96.000000
5092 130.000000
5093 84.000000
5094 0.000000
5095 52.000000
5096 195.000000
5097 871.000000
5098 109.000000
5099 398.000000
5100 267.000000
5101 226.000000
5102 1602.000000
5103 79.000000
5104 57.000000
5105 97.000000
5106 13.000000
5107 277.000000
5108 120.000000
5109 48.000000
