3610 264.000000
3611 146.000000
3612 256.000000
3613 186.000000
3614 325.000000
3615 281.000000
3616 653.000000
3617 3.000000
3618 4076.000000
3619 289.000000
3620 71.000000
3621 354.000000
3622 162.000000
3623 1791.000000
3624 73.000000
3625 677.000000
3626 26.000000
3627 45.000000
3628 3.000000
3629 50.000000
3630 107.000000
3631 5.000000
3632 298.000000
3633 118.000000
3634 282.000000
3635 747.000000
3636 314.000000
3637 460.000000
3638 23.000000
3639 863.000000
3640 247.000000
3641 749.000000
3642 316.000000
3643 58.000000
3644 147.000000
3645 236.000000
3646 1313.000000
3647 7.000000
3648 126.000000
3649 40.000000
3650 447.000000
3651 159.000000
3652 0.000000
3653 87.000000
3654 85.000000
3655 37.000000
3656 155.000000
3657 378.000000
3658 674.000000
3659 100.000000
3660 83.000000
3661 27.000000
3662 2.000000
3663 1087.000000
3664 242.000000
3665 87.000000
3666 6.000000
3667 56.000000
3668 467.000000
3669 1.000000
3670 568.000000
3671 301.000000
3672 69.000000
3673 92.000000
3674 22.000000
3675 512.000000
3676 42.000000
3677 72.000000
3678 99.000000
3679 245.000000
3680 31.000000
3681 103.000000
3682 81.000000
3683 734.000000
3684 30.000000
3685 52.000000
3686 47.000000
3687 91.000000
3688 7.000000
3689 120.000000
3690 126.000000
3691 795.000000
3692 3.000000
3693 92.000000
3694 3424.000000
3695 12.000000
3696 18.000000
3697 94.000000
3698 190.000000
3699 1.000000
3700 316.000000
3701 265.000000
3702 327.000000
3703 145.000000
3704 105.000000
3705 6.000000
3706 289.000000
3707 32.000000
3708 92.000000
3709 136.000000
3710 147.000000
3711 408.000000
3712 976.000000
3713 109.000000
3714 59.000000
3715 1361.000000
3716 56.000000
3717 1.000000
3718 56.000000
3719 8.000000
3720 118.000000
3721 647.000000
3722 2.000000
3723 7.000000
3724 542.000000
3725 464.000000
3726 0.000000
3727 22.000000
3728 1543.000000
3729 5.000000
3730 98.000000
3731 119.000000
3732 89.000000
3733 12.000000
3734 1072.000000
3735 12.000000
3736 0.000000
3737 42.000000
3738 548.000000
3739 55.000000
3740 152.000000
3741 2048.000000
3742 14.000000
3743 333.000000
3744 8.000000
3745 316.000000
3746 78.000000
3747 4.000000
3748 101.000000
3749 34.000000
3750 253.000000
3751 56.000000
3752 867.000000
3753 401.000000
3754 1570.000000
3755 85.000000
3756 8.000000
3757 1.000000
3758 1226.000000
3759 700.000000
3760 34.000000
3761 11143.000000
3762 184.000000
3763 2587.000000
3764 1.000000
3765 7.000000
3766 13.000000
3767 2211.000000
3768 45.000000
3769 2290.000000
3770 950.000000
3771 1123.000000
3772 721.000000
3773 15.000000
3774 645.000000
3775 595.000000
3776 298.000000
3777 8.000000
3778 987.000000
3779 229.000000
3780 164.000000
3781 265.000000
3782 700.000000
3783 4760.000000
3784 16.000000
3785 357.000000
3786 1195.000000
3787 20.000000
3788 2255.000000
3789 12.000000
3790 10007.000000
3791 0.000000
3792 416.000000
3793 47.000000
3794 49.000000
3795 3.000000
3796 1098.000000
3797 56.000000
3798 275.000000
3799 103.000000
3800 160.000000
3801 455.000000
3802 37.000000
3803 44.000000
3804 2287.000000
3805 526.000000
3806 477.000000
3807 96.000000
3808 171.000000
3809 131.000000
3810 145.000000
3811 2415.000000
3812 13.000000
3813 911.000000
3814 232.000000
3815 78.000000
3816 281.000000
3817 231.000000
3818 552.000000
3819 10.000000
3820 80.000000
3821 625.000000
3822 2.000000
3823 280.000000
3824 131.000000
3825 126.000000
3826 315.000000
3827 20.000000
3828 78.000000
3829 211.000000
3830 3.000000
3831 182.000000
3832 33.000000
3833 28.000000
3834 218.000000
3835 39.000000
3836 277.000000
3837 548.000000
3838 606.000000
3839 30.000000
3840 14.000000
3841 627.000000
3842 28.000000
3843 2.000000
3844 775.000000
3845 115.000000
3846 22.000000
3847 132.000000
3848 2823.000000
3849 111.000000
3850 94.000000
3851 6227.000000
3852 182.000000
3853 65.000000
3854 11.000000
3855 514.000000
3856 211.000000
3857 304.000000
3858 0.000000
3859 56.000000
3860 26.000000
3861 324.000000
3862 14.000000
3863 190.000000
3864 350.000000
3865 23.000000
3866 727.000000
3867 4.000000
3868 10.000000
3869 139.000000
3870 57.000000
3871 12.000000
3872 298.000000
3873 224.000000
3874 204.000000
3875 34.000000
3876 124.000000
3877 87.000000
3878 95.000000
3879 170.000000
3880 170.000000
3881 30.000000
3882 1.000000
3883 172.000000
3884 692.000000
3885 37.000000
3886 27.000000
3887 333.000000
3888 172.000000
3889 9.000000
3890 178.000000
3891 124.000000
3892 626.000000
3893 396.000000
3894 56.000000
3895 32.000000
3896 119.000000
3897 1.000000
3898 245.000000
3899 186.000000
3900 161.000000
3901 74.000000
3902 331.000000
3903 1877.000000
3904 1843.000000
3905 342.000000
3906 56.000000
3907 2.000000
3908 85.000000
3909 448.000000
3910 37.000000
3911 169.000000
3912 94.000000
3913 2683.000000
3914 172.000000
3915 745.000000
3916 68.000000
3917 32.000000
3918 2.000000
3919 170.000000
3920 58.000000
3921 178.000000
3922 298.000000
3923 151.000000
3924 34.000000
3925 326.000000
3926 515.000000
3927 20.000000
3928 51.000000
3929 137.000000
3930 370.000000
3931 696.000000
3932 0.000000
3933 218.000000
3934 99.000000
3935 39.000000
3936 6.000000
3937 550.000000
3938 1437.000000
3939 148.000000
3940 30.000000
3941 2391.000000
3942 162.000000
3943 39.000000
3944 173.000000
3945 307.000000
3946 0.000000
3947 329.000000
3948 561.000000
3949 760.000000
3950 67.000000
3951 344.000000
3952 653.000000
3953 571.000000
3954 3193.000000
3955 9.000000
3956 3.000000
3957 87.000000
3958 0.000000
3959 112.000000
3960 1093.000000
3961 4.000000
3962 50.000000
3963 44.000000
3964 202.000000
3965 127.000000
3966 0.000000
3967 1.000000
3968 270.000000
3969 159.000000
3970 87.000000
3971 237.000000
3972 85.000000
3973 216.000000
3974 8.000000
3975 703.000000
3976 1519.000000
3977 93.000000
3978 229.000000
3979 331.000000
3980 34.000000
3981 66.000000
3982 49.000000
3983 437.000000
3984 13.000000
3985 13.000000
3986 8.000000
3987 69.000000
3988 863.000000
3989 4686.000000
3990 522.000000
3991 53.000000
3992 477.000000
3993 43.000000
3994 72.000000
3995 65.000000
3996 429.000000
3997 736.000000
3998 38.000000
3999 77.000000
4000 139.000000
4001 160.000000
4002 88.000000
4003 34.000000
4004 435.000000
4005 159.000000
4006 0.000000
4007 58.000000
4008 141.000000
4009 34.000000
4010 172.000000
4011 328.000000
4012 188.000000
4013 35.000000
4014 2.000000
4015 5.000000
4016 118.000000
4017 266.000000
4018 154.000000
4019 56.000000
4020 385.000000
4021 4.000000
4022 337.000000
4023 47.000000
4024 1589.000000
4025 222.000000
4026 316.000000
4027 20.000000
4028 31.000000
4029 117.000000
4030 2404.000000
4031 182.000000
4032 75.000000
4033 252.000000
4034 134.000000
4035 385.000000
4036 70.000000
4037 191.000000
4038 365.000000
4039 21.000000
4040 54.000000
4041 1029.000000
4042 120.000000
4043 1306.000000
4044 1744.000000
4045 61.000000
4046 558.000000
4047 105.000000
4048 178.000000
4049 55.000000
4050 178.000000
4051 181.000000
4052 0.000000
4053 37.000000
4054 44.000000
4055 357.000000
4056 586.000000
4057 144.000000
4058 85.000000
4059 350.000000
4060 422.000000
4061 149.000000
4062 5.000000
4063 98.000000
4064 517.000000
4065 1.000000
4066 104.000000
4067 54.000000
4068 34.000000
4069 121.000000
4070 85.000000
4071 327.000000
4072 229.000000
4073 854.000000
4074 77.000000
4075 42.000000
4076 413.000000
4077 0.000000
4078 79.000000
4079 60.000000
4080 171.000000
4081 0.000000
4082 171.000000
4083 17.000000
4084 33.000000
4085 399.000000
4086 424.000000
4087 377.000000
4088 35.000000
4089 11.000000
4090 75.000000
4091 35.000000
4092 12.000000
4093 209.000000
4094 674.000000
4095 88.000000
4096 2281.000000
4097 2294.000000
4098 160.000000
4099 609.000000
4100 281.000000
4101 241.000000
4102 635.000000
4103 2094.000000
4104 1.000000
4105 27.000000
4106 769.000000
4107 283.000000
4108 3.000000
4109 88.000000
4110 35.000000
4111 1063.000000
4112 332.000000
4113 22.000000
4114 109.000000
4115 3.000000
4116 133.000000
4117 183.000000
4118 425.000000
4119 175.000000
4120 685.000000
4121 0.000000
4122 55.000000
4123 326.000000
4124 388.000000
4125 23.000000
4126 443.000000
4127 13.000000
4128 2.000000
4129 28.000000
4130 213.000000
4131 0.000000
4132 230.000000
4133 17.000000
4134 334.000000
4135 2034.000000
4136 20.000000
4137 539.000000
4138 0.000000
4139 0.000000
4140 3.000000
4141 10.000000
4142 182.000000
4143 30.000000
4144 134.000000
4145 248.000000
4146 718.000000
4147 5.000000
4148 96.000000
4149 603.000000
4150 114.000000
4151 56.000000
4152 521.000000
4153 1221.000000
4154 2026.000000
4155 274.000000
4156 231.000000
4157 76.000000
4158 138.000000
4159 26.000000
4160 1881.000000
4161 178.000000
4162 238.000000
4163 24.000000
4164 8.000000
4165 212.000000
4166 49.000000
4167 39.000000
4168 2784.000000
4169 0.000000
4170 473.000000
4171 692.000000
4172 125.000000
4173 5.000000
4174 241.000000
4175 531.000000
4176 3097.000000
4177 2092.000000
4178 273.000000
4179 14.000000
4180 0.000000
4181 607.000000
4182 891.000000
4183 110.000000
4184 23.000000
4185 37.000000
4186 30.000000
4187 77.000000
4188 48.000000
4189 43.000000
4190 128.000000
4191 155.000000
4192 133.000000
4193 162.000000
4194 38.000000
4195 186.000000
4196 56.000000
4197 533.000000
4198 71.000000
4199 888.000000
4200 170.000000
4201 104.000000
4202 1.000000
4203 104.000000
4204 173.000000
4205 40.000000
4206 2.000000
4207 124.000000
4208 116.000000
4209 227.000000
4210 157.000000
4211 131.000000
4212 2548.000000
4213 2.000000
4214 451.000000
4215 51.000000
4216 149.000000
4217 304.000000
4218 25.000000
4219 119.000000
4220 14.000000
4221 446.000000
4222 176.000000
4223 36.000000
4224 35.000000
4225 715.000000
4226 29.000000
4227 285.000000
4228 138.000000
4229 23.000000
4230 83.000000
4231 58.000000
4232 98.000000
4233 128.000000
4234 6.000000
4235 0.000000
4236 3.000000
4237 42.000000
4238 403.000000
4239 140.000000
4240 89.000000
4241 79.000000
4242 174.000000
4243 42.000000
4244 289.000000
4245 35.000000
4246 255.000000
4247 220.000000
4248 11.000000
4249 91.000000
4250 1.000000
4251 162.000000
4252 36.000000
4253 185.000000
4254 4858.000000
4255 292.000000
4256 907.000000
4257 240.000000
4258 22.000000
4259 43.000000
4260 76.000000
4261 0.000000
4262 66.000000
4263 376.000000
4264 3759.000000
4265 28.000000
4266 192.000000
4267 321.000000
4268 934.000000
4269 134.000000
4270 760.000000
4271 378.000000
4272 33.000000
4273 269.000000
4274 53.000000
4275 1849.000000
4276 66.000000
4277 79.000000
4278 8.000000
4279 258.000000
4280 52.000000
4281 335.000000
4282 1417.000000
4283 0.000000
4284 16.000000
4285 1160.000000
4286 0.000000
4287 265.000000
4288 173.000000
4289 273.000000
4290 185.000000
4291 186.000000
4292 10.000000
4293 311.000000
4294 638.000000
4295 78.000000
4296 5.000000
4297 289.000000
4298 90.000000
4299 3.000000
4300 476.000000
4301 45.000000
4302 159.000000
4303 263.000000
4304 914.000000
4305 278.000000
4306 171.000000
4307 30.000000
4308 105.000000
4309 10.000000
4310 38.000000
4311 475.000000
4312 606.000000
4313 255.000000
4314 8053.000000
4315 331.000000
4316 39.000000
4317 1447.000000
4318 92.000000
4319 5.000000
4320 168.000000
4321 1735.000000
4322 117.000000
4323 168.000000
4324 12.000000
4325 45.000000
4326 1993.000000
4327 603.000000
4328 925.000000
4329 46.000000
4330 131.000000
4331 703.000000
4332 516.000000
4333 34.000000
4334 379.000000
4335 8.000000
4336 68.000000
4337 621.000000
4338 116.000000
4339 304.000000
4340 977.000000
4341 47.000000
4342 392.000000
4343 213.000000
4344 88.000000
4345 936.000000
4346 6.000000
4347 182.000000
4348 198.000000
4349 1593.000000
4350 102.000000
4351 117.000000
4352 42.000000
4353 8.000000
4354 190.000000
4355 237.000000
4356 521.000000
4357 122.000000
4358 98.000000
4359 187.000000
4360 1231.000000
4361 128.000000
4362 7.000000
4363 1263.000000
4364 0.000000
4365 33.000000
4366 746.000000
4367 167.000000
4368 613.000000
4369 63.000000
4370 86.000000
4371 1070.000000
4372 121.000000
4373 67.000000
4374 172.000000
4375 0.000000
4376 1.000000
4377 3.000000
4378 118.000000
4379 424.000000
4380 227.000000
4381 142.000000
4382 159.000000
4383 310.000000
4384 75.000000
4385 1.000000
4386 62.000000
4387 340.000000
4388 106.000000
4389 1190.000000
4390 729.000000
4391 91.000000
4392 9909.000000
4393 216.000000
4394 676.000000
4395 154.000000
4396 1.000000
4397 528.000000
4398 470.000000
4399 2.000000
4400 162.000000
4401 49.000000
4402 100.000000
4403 1.000000
4404 265.000000
4405 611.000000
4406 723.000000
4407 236.000000
4408 246.000000
4409 1440.000000
4410 532.000000
4411 97.000000
4412 86.000000
4413 146.000000
4414 621.000000
4415 143.000000
4416 162.000000
4417 177.000000
4418 352.000000
4419 79.000000
4420 1046.000000
4421 36.000000
4422 2.000000
4423 70.000000
4424 130.000000
4425 213.000000
4426 320.000000
4427 114.000000
4428 180.000000
4429 0.000000
4430 6.000000
4431 74.000000
4432 278.000000
4433 104.000000
4434 1655.000000
4435 42.000000
4436 2.000000
4437 3863.000000
4438 275.000000
4439 135.000000
4440 5.000000
4441 16.000000
4442 189.000000
4443 38.000000
4444 65.000000
4445 54.000000
4446 257.000000
4447 0.000000
4448 281.000000
4449 42.000000
4450 57.000000
4451 7.000000
4452 224.000000
4453 3223.000000
4454 245.000000
4455 145.000000
4456 0.000000
4457 27.000000
4458 74.000000
4459 1.000000
4460 5575.000000
4461 154.000000
4462 329.000000
4463 4617.000000
4464 353.000000
4465 148.000000
4466 1652.000000
4467 286.000000
4468 87.000000
4469 159.000000
4470 432.000000
4471 86.000000
4472 32.000000
4473 300.000000
4474 111.000000
4475 3473.000000
4476 161.000000
4477 267.000000
4478 110.000000
4479 76.000000
4480 138.000000
4481 1117.000000
4482 775.000000
4483 1899.000000
4484 2045.000000
4485 2041.000000
4486 1.000000
4487 926.000000
4488 318.000000
4489 95.000000
4490 8910.000000
4491 315.000000
4492 0.000000
4493 1939.000000
4494 139.000000
4495 15.000000
4496 205.000000
4497 33.000000
4498 7.000000
4499 88.000000
4500 553.000000
4501 144.000000
4502 160.000000
4503 165.000000
4504 1030.000000
4505 75.000000
4506 17.000000
4507 1350.000000
4508 131.000000
4509 432.000000
4510 626.000000
4511 10.000000
4512 28.000000
4513 523.000000
4514 43.000000
4515 271.000000
4516 155.000000
4517 25.000000
4518 1.000000
4519 101.000000
4520 176.000000
4521 115.000000
4522 32.000000
4523 356.000000
4524 2358.000000
4525 139.000000
4526 264.000000
4527 1562.000000
4528 144.000000
4529 328.000000
4530 137.000000
4531 111.000000
4532 18.000000
4533 92.000000
4534 1233.000000
4535 1161.000000
4536 36.000000
4537 168.000000
4538 232.000000
4539 178.000000
4540 313.000000
4541 0.000000
4542 328.000000
4543 28.000000
4544 315.000000
4545 24.000000
4546 151.000000
4547 351.000000
4548 1193.000000
4549 156.000000
4550 3.000000
4551 280.000000
4552 235.000000
4553 97.000000
4554 202.000000
4555 3.000000
4556 0.000000
4557 202.000000
4558 18.000000
4559 506.000000
4560 265.000000
4561 52.000000
4562 49.000000
4563 41.000000
4564 161.000000
4565 1.000000
4566 254.000000
4567 6.000000
4568 108.000000
4569 91.000000
4570 712.000000
4571 0.000000
4572 1067.000000
4573 25.000000
4574 536.000000
4575 72.000000
4576 456.000000
4577 253.000000
4578 29.000000
4579 10.000000
4580 3229.000000
4581 163.000000
4582 28.000000
4583 1.000000
4584 4084.000000
4585 115.000000
4586 152.000000
4587 2697.000000
4588 74.000000
4589 3.000000
4590 278.000000
4591 147.000000
4592 42.000000
4593 173.000000
4594 303.000000
4595 22.000000
4596 340.000000
4597 2.000000
4598 2783.000000
4599 154.000000
4600 947.000000
4601 668.000000
4602 167.000000
4603 438.000000
4604 42.000000
4605 833.000000
4606 8.000000
4607 1231.000000
4608 171.000000
4609 0.000000
4610 456.000000
4611 112.000000
4612 539.000000
4613 289.000000
4614 265.000000
4615 1570.000000
4616 0.000000
4617 459.000000
4618 138.000000
4619 336.000000
4620 0.000000
4621 325.000000
4622 321.000000
4623 155.000000
4624 33.000000
4625 109.000000
4626 261.000000
4627 2100.000000
4628 1.000000
4629 161.000000
4630 479.000000
4631 65.000000
4632 60.000000
4633 625.000000
4634 314.000000
4635 97.000000
4636 15.000000
4637 168.000000
4638 34.000000
4639 146.000000
4640 399.000000
4641 338.000000
4642 1408.000000
4643 291.000000
4644 603.000000
4645 2565.000000
4646 148.000000
4647 464.000000
4648 247.000000
4649 0.000000
4650 80.000000
4651 1822.000000
4652 0.000000
4653 369.000000
4654 418.000000
4655 50.000000
4656 124.000000
4657 198.000000
4658 1228.000000
4659 0.000000
4660 401.000000
4661 20.000000
4662 1963.000000
4663 578.000000
4664 27.000000
4665 466.000000
4666 157.000000
4667 123.000000
4668 1821.000000
4669 8087.000000
4670 78.000000
4671 178.000000
4672 21.000000
4673 3.000000
4674 1820.000000
4675 212.000000
4676 19.000000
4677 68.000000
4678 2.000000
4679 85.000000
4680 5.000000
4681 148.000000
4682 102.000000
4683 278.000000
4684 140.000000
4685 85.000000
4686 69.000000
4687 3.000000
4688 6.000000
4689 330.000000
4690 401.000000
4691 180.000000
4692 32.000000
4693 702.000000
4694 30.000000
4695 236.000000
4696 135.000000
4697 9.000000
4698 0.000000
4699 509.000000
4700 381.000000
4701 3548.000000
4702 320.000000
4703 844.000000
4704 42.000000
4705 118.000000
4706 237.000000
4707 49.000000
4708 13.000000
4709 393.000000
4710 142.000000
4711 298.000000
4712 1.000000
4713 67.000000
4714 275.000000
4715 242.000000
4716 272.000000
4717 130.000000
4718 272.000000
4719 185.000000
4720 372.000000
4721 956.000000
4722 413.000000
4723 20.000000
4724 43.000000
4725 491.000000
4726 303.000000
4727 0.000000
4728 552.000000
4729 1.000000
4730 701.000000
4731 132.000000
4732 48.000000
4733 11.000000
4734 3692.000000
4735 47.000000
4736 172.000000
4737 1572.000000
4738 142.000000
4739 66.000000
4740 587.000000
4741 945.000000
4742 217.000000
4743 49.000000
4744 20.000000
4745 77.000000
4746 219.000000
4747 229.000000
4748 146.000000
4749 293.000000
4750 61.000000
4751 197.000000
4752 666.000000
4753 13.000000
4754 14.000000
4755 3250.000000
4756 316.000000
4757 4276.000000
4758 1097.000000
4759 32.000000
4760 327.000000
4761 8.000000
4762 400.000000
4763 4.000000
4764 314.000000
4765 4415.000000
4766 180.000000
4767 78.000000
4768 495.000000
4769 0.000000
4770 102.000000
4771 413.000000
4772 42.000000
4773 28.000000
4774 268.000000
4775 236.000000
4776 37.000000
4777 139.000000
4778 228.000000
4779 131.000000
4780 1278.000000
4781 870.000000
4782 7.000000
4783 371.000000
4784 234.000000
4785 91.000000
4786 279.000000
4787 154.000000
4788 156.000000
4789 23.000000
4790 219.000000
4791 378.000000
4792 793.000000
4793 71.000000
4794 16.000000
4795 199.000000
4796 90.000000
4797 6058.000000
4798 66.000000
4799 152.000000
4800 286.000000
4801 97.000000
4802 369.000000
4803 252.000000
4804 90.000000
4805 79.000000
4806 429.000000
4807 377.000000
4808 468.000000
4809 384.000000
4810 87.000000
4811 223.000000
4812 127.000000
4813 1142.000000
4814 356.000000
4815 1029.000000
4816 184.000000
4817 27.000000
4818 279.000000
4819 923.000000
4820 38.000000
4821 50.000000
4822 549.000000
4823 66.000000
4824 38.000000
4825 5.000000
4826 108.000000
4827 267.000000
4828 112.000000
4829 1181.000000
4830 19.000000
4831 280.000000
4832 706.000000
4833 101.000000
4834 288.000000
4835 109.000000
4836 42.000000
4837 138.000000
4838 72.000000
4839 151.000000
4840 16.000000
4841 138.000000
4842 146.000000
4843 76.000000
4844 139.000000
4845 310.000000
4846 180.000000
4847 16.000000
4848 6.000000
4849 411.000000
4850 166.000000
4851 347.000000
4852 24.000000
4853 603.000000
4854 16.000000
4855 27.000000
4856 305.000000
4857 90.000000
4858 238.000000
4859 712.000000
4860 71.000000
4861 30.000000
4862 156.000000
4863 129.000000
4864 734.000000
4865 106.000000
4866 652.000000
4867 128.000000
4868 174.000000
4869 120.000000
4870 420.000000
4871 427.000000
4872 94.000000
4873 1321.000000
4874 1751.000000
4875 22.000000
4876 1504.000000
4877 538.000000
4878 246.000000
4879 911.000000
4880 542.000000
4881 275.000000
4882 159.000000
4883 139.000000
4884 154.000000
4885 21.000000
4886 15.000000
4887 15.000000
4888 59.000000
4889 5.000000
4890 0.000000
4891 1100.000000
4892 198.000000
4893 398.000000
4894 74.000000
4895 22.000000
4896 5.000000
4897 214.000000
4898 59.000000
4899 81.000000
4900 27.000000
4901 222.000000
4902 671.000000
4903 70.000000
4904 2607.000000
4905 137.000000
4906 55.000000
4907 9.000000
4908 234.000000
4909 114.000000
4910 27.000000
4911 92.000000
4912 6.000000
4913 21.000000
4914 485.000000
4915 94.000000
4916 338.000000
4917 159.000000
4918 28.000000
4919 2578.000000
4920 22.000000
4921 91.000000
4922 229.000000
4923 2394.000000
4924 637.000000
4925 155.000000
4926 64.000000
4927 80.000000
4928 3.000000
4929 169.000000
4930 33.000000
4931 1296.000000
4932 245.000000
4933 1828.000000
4934 662.000000
4935 29.000000
4936 324.000000
4937 1165.000000
4938 21.000000
4939 62.000000
4940 19.000000
4941 42.000000
4942 164.000000
4943 0.000000
4944 108.000000
4945 40.000000
4946 4.000000
4947 170.000000
4948 109.000000
4949 1412.000000
4950 259.000000
4951 9254.000000
4952 28.000000
4953 87.000000
4954 131.000000
4955 0.000000
4956 140.000000
4957 6.000000
4958 1098.000000
4959 73.000000
4960 106.000000
4961 14.000000
4962 0.000000
4963 0.000000
4964 360.000000
4965 430.000000
4966 199.000000
4967 572.000000
4968 133.000000
4969 89.000000
4970 49.000000
4971 722.000000
4972 353.000000
4973 382.000000
4974 158.000000
4975 82.000000
4976 348.000000
4977 174.000000
4978 907.000000
4979 40.000000
4980 56.000000
4981 81.000000
4982 49.000000
4983 52.000000
4984 540.000000
4985 2103.000000
4986 506.000000
4987 16.000000
4988 118.000000
4989 49.000000
4990 400.000000
4991 64.000000
4992 550.000000
4993 207.000000
4994 482.000000
4995 164.000000
4996 86.000000
4997 223.000000
4998 117.000000
4999 22.000000
5000 73.000000
5001 12.000000
5002 8.000000
5003 6.000000
5004 0.000000
5005 9729.000000
5006 198.000000
5007 66.000000
5008 197.000000
5009 134.000000
5010 313.000000
5011 117.000000
5012 190.000000
5013 300.000000
5014 27.000000
5015 123.000000
5016 189.000000
5017 16.000000
5018 82.000000
5019 50.000000
5020 1.000000
5021 85.000000
5022 1213.000000
5023 160.000000
5024 303.000000
5025 110.000000
5026 72.000000
5027 208.000000
5028 112.000000
5029 190.000000
5030 1186.000000
5031 40.000000
5032 223.000000
5033 1875.000000
5034 248.000000
5035 291.000000
5036 57.000000
5037 338.000000
5038 1229.000000
5039 23.000000
5040 163.000000
5041 1.000000
5042 1.000000
5043 12.000000
5044 4.000000
5045 281.000000
5046 183.000000
5047 2.000000
5048 143.000000
5049 100.000000
5050 0.000000
5051 201.000000
5052 243.000000
5053 137.000000
5054 35.000000
5055 87.000000
5056 43.000000
5057 2497.000000
5058 11.000000
5059 2053.000000
5060 0.000000
5061 21.000000
5062 342.000000
5063 9342.000000
5064 235.000000
5065 138.000000
5066 76.000000
5067 2956.000000
5068 43.000000
5069 80.000000
5070 402.000000
5071 67.000000
5072 29.000000
5073 25.000000
5074 186.000000
5075 0.000000
5076 318.000000
5077 2.000000
5078 497.000000
5079 136.000000
5080 25.000000
5081 604.000000
5082 14.000000
5083 73.000000
5084 216.000000
5085 308.000000
5086 38.000000
5087 35.000000
5088 131.000000
5089 0.000000
5090 337.000000
5091 108.000000
5092 140.000000
5093 90.000000
5094 0.000000
5095 54.000000
5096 291.000000
5097 783.000000
5098 99.000000
5099 386.000000
5100 291.000000
5101 171.000000
5102 1685.000000
5103 97.000000
5104 62.000000
5105 30.000000
5106 14.000000
5107 281.000000
5108 33.000000
5109 49.000000
